plot      '-' using 1:2 notitle with lp, \
     '-' using 1:2 notitle with lp, \
     '-' using 1:2 notitle with lp
27.123 0
30.2551 3.13205
32.2639 1.12321
32.4052 1.26453
33.1706 0.499123
33.3117 0.640244
33.952 0
34.4595 0
34.8727 0.413275
35.0919 0.194149
35.8426 0.944899
36.4938 0.293673
36.526 0.325813
36.8518 0
47.3141 0
49.8781 2.56397
52.442 0
54.0653 0
54.4997 0.434452
54.8229 0.111261
60.3314 5.61975
65.9511 0
66.218 0
69.2509 3.03283
70.5889 1.69474
73.2242 4.33
77.5542 0
85.1074 0
87.0471 1.93969
88.9868 0
EOF
31.1407 0
32.2639 1.12321
33.0293 0.357805
33.1706 0.499123
33.6697 0
34.8977 0
35.0919 0.194149
35.286 0
36.2002 0
36.4938 0.293673
36.7875 0
54.7116 0
54.8229 0.111261
54.9342 0
56.3555 0
56.6031 0.247662
56.8508 0
61.8037 0
62.2228 0.419043
62.6418 0
68.8942 0
70.5889 1.69474
72.2837 0
EOF
32.6715 0
33.0293 0.357805
33.3871 0
EOF
