5.48367 44.0463 21.3126 8.0894 1 
44.0463 21.3126 25.1665 8.07307 1 
21.3126 25.1665 36.4497 8.35494 0 
25.1665 36.4497 -18.8163 8.35494 0 
36.4497 -18.8163 -0.423749 8.35494 1 
-18.8163 -0.423749 20.5102 10.1363 1 
-0.423749 20.5102 6.08973 10.166 1 
20.5102 6.08973 15.0379 12.751 1 
6.08973 15.0379 33.6396 17.9986 1 
15.0379 33.6396 31.834 21.7529 0 
33.6396 31.834 -5.23389 21.7529 0 
31.834 -5.23389 -9.22604 21.5287 1 
-5.23389 -9.22604 16.3176 22.6255 0 
-9.22604 16.3176 -22.8012 22.1554 0 
16.3176 -22.8012 -56.1667 26.557 0 
-22.8012 -56.1667 -17.5812 30.003 1 
-56.1667 -17.5812 24.2386 31.9148 0 
-17.5812 24.2386 -35.2973 34.5404 1 
24.2386 -35.2973 31.2022 34.5404 1 
-35.2973 31.2022 36.0917 33.6291 1 
31.2022 36.0917 10.2039 33.6291 1 
36.0917 10.2039 6.99111 33.7075 0 
10.2039 6.99111 -32.9561 60.0836 0 
6.99111 -32.9561 -88.3345 57.3805 0 
-32.9561 -88.3345 -97.5535 63.2075 0 
-88.3345 -97.5535 -22.863 68.8579 1 
-97.5535 -22.863 24.7926 71.2267 1 
-22.863 24.7926 49.8143 71.2267 0 
24.7926 49.8143 -32.7731 71.2267 0 
49.8143 -32.7731 -15.5834 66.5973 0 
-32.7731 -15.5834 -46.7433 66.4854 0 
-15.5834 -46.7433 -62.9683 77.9979 1 
-46.7433 -62.9683 39.2728 76.2299 1 
-62.9683 39.2728 36.4247 79.4414 1 
39.2728 36.4247 42.1171 82.0853 0 
36.4247 42.1171 -11.1784 78.5048 1 
42.1171 -11.1784 0.107158 78.3446 1 
-11.1784 0.107158 18.4691 75.9644 1 
0.107158 18.4691 25.9173 86.212 1 
18.4691 25.9173 3.01646 47.6931 1 
25.9173 3.01646 46.1891 43.5502 1 
3.01646 46.1891 15.4045 42.5884 0 
46.1891 15.4045 -12.5347 45.0076 1 
15.4045 -12.5347 37.8985 38.9587 1 
-12.5347 37.8985 21.89 56.79 0 
37.8985 21.89 -1.86032 63.8958 1 
21.89 -1.86032 7.61266 56.8292 1 
-1.86032 7.61266 12.776 65.2627 1 
7.61266 12.776 5.49943 75.9087 1 
12.776 5.49943 3.51622 62.5521 0 
5.49943 3.51622 -30.4633 61.9863 0 
3.51622 -30.4633 -14.4993 43.99 1 
-30.4633 -14.4993 6.2961 40.19 0 
-14.4993 6.2961 -9.6281 37.3192 1 
6.2961 -9.6281 4.77892 37.7471 1 
-9.6281 4.77892 27.5617 37.9985 0 
4.77892 27.5617 -0.051105 46.0228 1 
27.5617 -0.051105 19.9999 47.9675 1 
-0.051105 19.9999 20.4306 34.5902 0 
19.9999 20.4306 -4.73097 45.9718 0 
20.4306 -4.73097 -0.686742 46.4249 1 
-4.73097 -0.686742 8.1306 44.2331 1 
-0.686742 8.1306 21.1732 42.7731 1 
8.1306 21.1732 24.1671 29.5986 1 
21.1732 24.1671 24.0894 20.301 1 
24.1671 24.0894 10.4694 32.7846 1 
24.0894 10.4694 5.91407 36.3581 1 
10.4694 5.91407 1.54098 34.0584 1 
5.91407 1.54098 45.9649 43.3489 1 
1.54098 45.9649 56.7667 43.3489 1 
45.9649 56.7667 38.2107 43.3489 1 
56.7667 38.2107 67.8982 43.2995 1 
38.2107 67.8982 16.7344 59.632 0 
67.8982 16.7344 -16.2575 59.632 1 
16.7344 -16.2575 1.15163 48.6286 1 
-16.2575 1.15163 46.3861 43.7067 1 
1.15163 46.3861 116.67 43.7067 1 
46.3861 116.67 41.7933 43.3485 1 
116.67 41.7933 80.7112 43.3485 0 
41.7933 80.7112 -58.1031 43.3485 0 
80.7112 -58.1031 -65.2544 43.3485 1 
-58.1031 -65.2544 77.7546 43.3485 0 
-65.2544 77.7546 -49.7962 43.3485 0 
77.7546 -49.7962 -22.6457 43.3485 1 
-49.7962 -22.6457 65.3994 38.5199 1 
-22.6457 65.3994 50.6092 37.9461 1 
65.3994 50.6092 100.652 54.2375 1 
50.6092 100.652 47.7454 53.8331 1 
100.652 47.7454 48.3161 61.8114 1 
47.7454 48.3161 88.6435 44.9322 1 
48.3161 88.6435 82.0032 58.5282 1 
88.6435 82.0032 174.441 52.7845 1 
82.0032 174.441 188.163 52.7845 0 
174.441 188.163 -170.892 43.494 0 
188.163 -170.892 -288.389 43.494 1 
-170.892 -288.389 92.7111 43.494 1 
-288.389 92.7111 51.7747 43.494 1 
92.7111 51.7747 32.8681 38.999 0 
51.7747 32.8681 -19.9004 57.076 1 
32.8681 -19.9004 136.186 57.5386 1 
-19.9004 136.186 39.5187 80.7882 1 
136.186 39.5187 89.2845 80.7882 1 
39.5187 89.2845 6.23796 84.3233 1 
89.2845 6.23796 77.292 81.6512 1 
6.23796 77.292 232.887 74.7331 0 
77.292 232.887 -20.402 74.7331 0 
232.887 -20.402 -61.2622 76.6471 1 
-20.402 -61.2622 70.6423 78.2431 1 
-61.2622 70.6423 30.9075 86.8583 1 
70.6423 30.9075 52.2466 99.034 0 
30.9075 52.2466 -108.607 99.034 0 
52.2466 -108.607 -82.6875 87.9588 0 
-108.607 -82.6875 -64.4325 82.4325 0 
-82.6875 -64.4325 -295.418 82.4325 1 
-64.4325 -295.418 95.4144 93.1681 1 
-295.418 95.4144 105.213 127.817 1 
95.4144 105.213 7.60399 156.97 0 
105.213 7.60399 -6.03059 253.565 1 
7.60399 -6.03059 103.364 276.775 1 
-6.03059 103.364 50.2968 354.649 0 
103.364 50.2968 -30.8659 402.863 1 
50.2968 -30.8659 37.0267 377.898 0 
-30.8659 37.0267 -64.6002 592.643 0 
37.0267 -64.6002 -95.431 697.12 0 
-64.6002 -95.431 -94.6518 518.076 0 
-95.431 -94.6518 -56.3455 386.276 1 
-94.6518 -56.3455 126.963 369.229 1 
-56.3455 126.963 24.6134 395.119 0 
126.963 24.6134 -34.8897 383.313 0 
24.6134 -34.8897 -62.2682 244.266 0 
-34.8897 -62.2682 -16.0582 308.879 1 
-62.2682 -16.0582 79.4739 308.879 1 
-16.0582 79.4739 71.8911 201.766 0 
79.4739 71.8911 -26.9478 161.295 1 
71.8911 -26.9478 23.7674 174.043 0 
-26.9478 23.7674 -51.7992 174.839 0 
23.7674 -51.7992 -26.1223 181.072 1 
-51.7992 -26.1223 23.1403 335.665 0 
-26.1223 23.1403 -87.5945 335.665 0 
23.1403 -87.5945 -111.588 258.83 1 
-87.5945 -111.588 4.69308 244.614 1 
-111.588 4.69308 26.1504 363.538 0 
4.69308 26.1504 -92.9105 360.505 0 
26.1504 -92.9105 -204.874 360.505 0 
-92.9105 -204.874 -133.745 360.505 1 
-204.874 -133.745 118.338 360.505 1 
-133.745 118.338 223.535 381.309 1 
118.338 223.535 30.6344 363.516 1 
223.535 30.6344 186.329 502.992 1 
30.6344 186.329 221.226 502.756 1 
186.329 221.226 63.58 502.756 0 
221.226 63.58 -16.4977 502.756 0 
63.58 -16.4977 -12.4244 286.309 0 
-16.4977 -12.4244 -134.287 287.008 0 
-12.4244 -134.287 -120.534 467.495 1 
-134.287 -120.534 71.0637 744.36 1 
-120.534 71.0637 167.995 733.722 0 
71.0637 167.995 -20.6962 733.722 0 
167.995 -20.6962 -42.0812 690.432 1 
-20.6962 -42.0812 86.627 835.652 1 
-42.0812 86.627 4.28247 910.983 0 
86.627 4.28247 -52.23 910.983 1 
4.28247 -52.23 30.1802 871.201 1 
-52.23 30.1802 84.8728 888.605 1 
30.1802 84.8728 330.935 888.605 1 
84.8728 330.935 76.5827 889.15 1 
330.935 76.5827 74.5279 836.633 1 
76.5827 74.5279 105.152 1162.55 0 
74.5279 105.152 -75.5744 1161.43 1 
105.152 -75.5744 52.4253 1152.3 1 
-75.5744 52.4253 111.345 1152.3 1 
52.4253 111.345 256.329 1123.78 1 
111.345 256.329 262.733 1152.35 1 
256.329 262.733 147.711 1411.62 0 
262.733 147.711 -3.7779 1950.2 1 
147.711 -3.7779 0.455648 1880.65 1 
-3.7779 0.455648 178.759 1555.72 0 
0.455648 178.759 -118.698 1555.7 0 
178.759 -118.698 -173.705 1578.67 1 
-118.698 -173.705 5.88517 1769.02 0 
-173.705 5.88517 -38.6046 1769.02 0 
5.88517 -38.6046 -99.3883 1691 1 
-38.6046 -99.3883 220.07 1606.64 1 
-99.3883 220.07 38.6811 1606.87 1 
220.07 38.6811 176.058 1502.09 0 
38.6811 176.058 -45.7761 1506.01 1 
176.058 -45.7761 29.5162 1511.87 0 
-45.7761 29.5162 -35.6461 1703.7 1 
29.5162 -35.6461 160.239 1703.7 1 
-35.6461 160.239 110.555 1994.48 1 
160.239 110.555 94.6813 1495.81 1 
110.555 94.6813 131.603 1451.31 0 
94.6813 131.603 -119.756 1418.28 0 
131.603 -119.756 -106.408 1169.56 0 
-119.756 -106.408 -213.856 962.273 0 
-106.408 -213.856 -109.59 1274.05 1 
-213.856 -109.59 276.418 1274.05 1 
-109.59 276.418 55.7471 1036.96 0 
276.418 55.7471 -106.17 1036.96 0 
55.7471 -106.17 -186.078 1128.5 0 
-106.17 -186.078 -112.876 1436.47 1 
-186.078 -112.876 30.8446 2158.81 1 
-112.876 30.8446 42.7634 2124.18 0 
30.8446 42.7634 -320.021 2141.33 0 
42.7634 -320.021 -310.38 2100.38 0 
-320.021 -310.38 -213.369 2017.9 1 
-310.38 -213.369 287.151 2017.9 0 
-213.369 287.151 -61.8644 1938.27 1 
287.151 -61.8644 306.485 1359.99 1 
-61.8644 306.485 21.7763 1462.88 0 
306.485 21.7763 -25.1871 1710.92 0 
21.7763 -25.1871 -148.348 1866.41 0 
-25.1871 -148.348 -163.067 2984.91 1 
-148.348 -163.067 89.5502 3564.06 0 
-163.067 89.5502 -20.4327 3752.63 1 
89.5502 -20.4327 126.882 3411.1 1 
-20.4327 126.882 92.602 3558.17 1 
126.882 92.602 122.558 3219.19 1 
92.602 122.558 151.208 3670.63 0 
122.558 151.208 -43.6265 3530.87 1 
151.208 -43.6265 126.779 3472.86 1 
-43.6265 126.779 18.9663 3414.89 1 
126.779 18.9663 105.118 3134.42 0 
18.9663 105.118 -85.5995 3070.47 0 
105.118 -85.5995 -62.026 3600.9 1 
-85.5995 -62.026 8.76432 4198.61 1 
-62.026 8.76432 103.026 4933.06 0 
8.76432 103.026 -8.35732 4610.03 1 
103.026 -8.35732 146.415 4604.01 1 
-8.35732 146.415 146.429 3880.56 1 
146.415 146.429 167.571 3880.56 0 
146.429 167.571 -24.0209 3402.97 1 
167.571 -24.0209 328.946 3374.13 1 
-24.0209 328.946 501.398 3374.25 1 
328.946 501.398 48.8676 3374.25 0 
501.398 48.8676 -58.5561 3315.13 1 
48.8676 -58.5561 65.0088 2396.66 0 
-58.5561 65.0088 -48.8366 2693.55 0 
65.0088 -48.8366 -222.834 2177 1 
-48.8366 -222.834 252.113 2177 1 
-222.834 252.113 136.126 1720.95 1 
252.113 136.126 283.621 2155.74 0 
136.126 283.621 -163.549 2161.33 0 
283.621 -163.549 -43.0625 2470.83 0 
-163.549 -43.0625 -207.753 2470.83 0 
-43.0625 -207.753 -111.569 2417.53 1 
-207.753 -111.569 279.661 2417.53 0 
-111.569 279.661 -6.3248 2417.41 0 
279.661 -6.3248 -72.7184 2155.87 1 
-6.3248 -72.7184 142.602 2865.69 1 
-72.7184 142.602 231.282 2978.59 1 
142.602 231.282 119.485 3045 1 
231.282 119.485 261.454 2283.94 1 
119.485 261.454 449.459 2283.94 1 
261.454 449.459 287.891 2328.53 1 
449.459 287.891 18.3954 2953.59 1 
287.891 18.3954 200.053 3052.87 0 
18.3954 200.053 -231.054 3468.19 0 
200.053 -231.054 -125.202 3444.31 1 
-231.054 -125.202 283.663 3444.31 0 
-125.202 283.663 -142.211 4478.11 0 
283.663 -142.211 -284.067 3653.17 0 
-142.211 -284.067 -405.503 3604.53 0 
-284.067 -405.503 -441.05 3604.53 1 
-405.503 -441.05 233.709 3604.53 1 
-441.05 233.709 242.919 3604.53 1 
233.709 242.919 456.907 3822.36 1 
242.919 456.907 415.131 4553.21 1 
456.907 415.131 364.865 4568.42 0 
415.131 364.865 -130.538 5497.53 1 
364.865 -130.538 130.943 6898.85 1 
-130.538 130.943 263.272 6581.81 1 
130.943 263.272 66.7714 7512.16 1 
263.272 66.7714 37.4511 5393.66 0 
66.7714 37.4511 -19.9104 4960.71 0 
37.4511 -19.9104 -6.95808 4555.78 1 
-19.9104 -6.95808 263.973 5105.57 1 
-6.95808 263.973 540.382 4344.17 1 
263.973 540.382 584.191 5321.32 1 
540.382 584.191 276.32 5942.11 1 
584.191 276.32 585.06 7854.78 0 
276.32 585.06 -529.286 7619.11 1 
585.06 -529.286 306.261 5985.07 1 
-529.286 306.261 743.171 5991.61 1 
306.261 743.171 354.185 4908.96 1 
743.171 354.185 54.0098 5058.71 1 
354.185 54.0098 309.09 5105.79 1 
54.0098 309.09 924.908 4772.71 1 
309.09 924.908 2197.67 4944.99 1 
924.908 2197.67 654.661 4943.37 0 
2197.67 654.661 -626.069 3929.01 0 
654.661 -626.069 -672.135 4093.51 1 
-626.069 -672.135 2067.84 2644.09 1 
-672.135 2067.84 528.909 2019.57 0 
2067.84 528.909 -191.082 2016.74 0 
528.909 -191.082 -199.723 1465.83 1 
-191.082 -199.723 1023.23 1465.83 1 
-199.723 1023.23 815.398 1366.19 1 
1023.23 815.398 1011.11 1537.17 0 
815.398 1011.11 -470.327 1175.81 0 
1011.11 -470.327 -399.017 1103.33 0 
-470.327 -399.017 -1486.48 993.532 0 
-399.017 -1486.48 -613.096 2220.12 0 
-1486.48 -613.096 -2463.34 3014.79 1 
-613.096 -2463.34 1010.47 4903.73 0 
-2463.34 1010.47 -1112.47 8348.11 1 
1010.47 -1112.47 310.128 8348.11 1 
-1112.47 310.128 1277.4 8348.11 1 
310.128 1277.4 337.829 8400.64 0 
1277.4 337.829 -1332.81 9351.9 1 
337.829 -1332.81 286.343 14054.9 0 
-1332.81 286.343 -1322.12 13674 1 
286.343 -1322.12 126.361 10837.1 1 
-1322.12 126.361 84.7775 47806.1 1 
126.361 84.7775 455.36 49178.4 1 
84.7775 455.36 1084.34 49178.4 0 
455.36 1084.34 -144.919 50971.3 1 
1084.34 -144.919 973.672 52665.1 1 
-144.919 973.672 874.47 55201.8 0 
973.672 874.47 -149.909 55324.2 0 
874.47 -149.909 -1216.26 57970.6 0 
-149.909 -1216.26 -432.548 60255.7 0 
-1216.26 -432.548 -673.513 21916.8 0 
-432.548 -673.513 -497.497 41719.3 0 
-673.513 -497.497 -37.8977 32679.9 1 
-497.497 -37.8977 565.652 45714.5 0 
-37.8977 565.652 -546.501 72402.9 1 
565.652 -546.501 142.833 70071.4 0 
-546.501 142.833 -1656.66 75885.5 0 
142.833 -1656.66 -1484.39 85206.1 1 
-1656.66 -1484.39 815.515 101683 1 
-1484.39 815.515 17.7897 106062 1 
815.515 17.7897 959.029 102393 0 
17.7897 959.029 -577.396 101523 0 
959.029 -577.396 -764.927 133193 0 
-577.396 -764.927 -405.55 104088 1 
-764.927 -405.55 284.281 96787.5 1 
-405.55 284.281 291.696 102731 0 
284.281 291.696 -290.871 144277 1 
291.696 -290.871 229.238 128705 1 
-290.871 229.238 434.987 124316 0 
229.238 434.987 -389.925 128965 0 
434.987 -389.925 -657.78 133350 0 
-389.925 -657.78 -639.315 138417 0 
-657.78 -639.315 -490.521 138417 0 
-639.315 -490.521 -937.978 132491 1 
-490.521 -937.978 353.764 98088.5 0 
-937.978 353.764 -192.329 101254 0 
353.764 -192.329 -1108.22 105469 0 
-192.329 -1108.22 -783.261 97617.7 1 
-1108.22 -783.261 1085.77 97081.4 1 
-783.261 1085.77 302.803 94390.8 1 
1085.77 302.803 44.474 94179.2 1 
302.803 44.474 395.175 95378.6 0 
44.474 395.175 -468.337 95318.8 1 
395.175 -468.337 436.636 91023.6 0 
-468.337 436.636 -15.481 86402.9 1 
436.636 -15.481 416.475 88431.6 1 
-15.481 416.475 777.063 43950.9 1 
416.475 777.063 222.985 40812.5 1 
777.063 222.985 651.787 46533 1 
222.985 651.787 59.5473 42803.6 1 
651.787 59.5473 130.909 42079.8 1 
59.5473 130.909 630.004 38914.3 0 
130.909 630.004 -706.57 38910.5 0 
630.004 -706.57 -519.69 40893.6 0 
-706.57 -519.69 -258.838 32151.5 0 
-519.69 -258.838 -82.4739 32213.7 0 
-258.838 -82.4739 -335.183 23351.3 1 
-82.4739 -335.183 315.464 18844.6 1 
-335.183 315.464 641.94 15211.2 1 
315.464 641.94 67.2207 14827.6 1 
641.94 67.2207 30.4507 14578.5 1 
67.2207 30.4507 330.171 13340 1 
30.4507 330.171 363.583 18594 0 
330.171 363.583 -102.425 12934.5 1 
363.583 -102.425 279.079 12934.5 0 
-102.425 279.079 -501.092 12469.3 0 
279.079 -501.092 -620.471 12770.4 0 
-501.092 -620.471 -694.047 12770.4 0 
-620.471 -694.047 -797.49 12770.4 1 
-694.047 -797.49 329.032 10583.5 0 
-797.49 329.032 -177.525 10685 1 
329.032 -177.525 375.974 10685 0 
-177.525 375.974 -279.523 20643.6 0 
375.974 -279.523 -388.103 20984.1 0 
-279.523 -388.103 -656.472 33595.9 1 
-388.103 -656.472 204.337 37709.8 0 
-656.472 204.337 -238.456 37623.9 0 
204.337 -238.456 -397.957 34692.3 1 
-238.456 -397.957 676.12 28343.2 1 
-397.957 676.12 267.894 32711.8 1 
676.12 267.894 359.929 32711.8 0 
267.894 359.929 -191.262 32456.8 0 
359.929 -191.262 -261.772 31433.5 1 
-191.262 -261.772 327.023 31433.5 0 
-261.772 327.023 -321.81 31404.9 0 
327.023 -321.81 -328.706 31404.9 0 
-321.81 -328.706 -241.013 28045 0 
-328.706 -241.013 -48.6232 32933 0 
-241.013 -48.6232 -398.543 33570.7 0 
-48.6232 -398.543 -630.268 33780.2 1 
-398.543 -630.268 117.554 33834.2 0 
-630.268 117.554 -208.832 34688.8 1 
117.554 -208.832 181.083 23747.8 1 
-208.832 181.083 347.322 25837.9 0 
181.083 347.322 -247.593 18198.1 0 
347.322 -247.593 -319.639 18198.1 0 
-247.593 -319.639 -108.387 14448.3 1 
-319.639 -108.387 242.707 16614.7 1 
-108.387 242.707 95.9436 19427.7 0 
242.707 95.9436 -97.2024 17613.3 0 
95.9436 -97.2024 -111.938 16603.4 1 
-97.2024 -111.938 100.786 14669.9 1 
-111.938 100.786 456.726 14472.5 1 
100.786 456.726 655.982 14472.9 1 
456.726 655.982 18.2842 13162 1 
655.982 18.2842 204.549 13074.2 0 
18.2842 204.549 -135.504 8543.38 0 
204.549 -135.504 -43.3867 8437.12 1 
-135.504 -43.3867 20.6794 6480.65 1 
-43.3867 20.6794 155.93 4691.8 1 
20.6794 155.93 232.393 4239.72 1 
155.93 232.393 354.643 4457.5 1 
232.393 354.643 88.091 5093.82 1 
354.643 88.091 7.24232 5265.97 1 
88.091 7.24232 418.908 5337.98 0 
7.24232 418.908 -93.4788 4854.65 0 
418.908 -93.4788 -337.83 4854.65 1 
-93.4788 -337.83 333.811 5182.14 1 
-337.83 333.811 23.5521 5388.79 1 
333.811 23.5521 115.613 5041.35 0 
23.5521 115.613 -65.5698 4391.35 0 
115.613 -65.5698 -302.02 5321.38 1 
-65.5698 -302.02 124.095 5183.76 1 
-302.02 124.095 266.966 6525.19 1 
124.095 266.966 276.852 6325.59 1 
266.966 276.852 172.743 7225.79 0 
276.852 172.743 -213.097 7351.98 0 
172.743 -213.097 -272.053 7208.26 0 
-213.097 -272.053 -83.3096 7067.11 0 
-272.053 -83.3096 -67.601 7101.98 1 
-83.3096 -67.601 72.562 7019.52 0 
-67.601 72.562 -564.195 7937.33 0 
72.562 -564.195 -278.213 7997.35 1 
-564.195 -278.213 127.092 7226.26 1 
-278.213 127.092 29.7984 7592.08 1 
127.092 29.7984 61.8633 5384.62 0 
29.7984 61.8633 -359.404 6350.95 0 
61.8633 -359.404 -4.69022 6296.54 0 
-359.404 -4.69022 -171.333 3888.91 1 
-4.69022 -171.333 148 3879.07 1 
-171.333 148 107.36 2663.83 1 
148 107.36 93.1029 2447.81 0 
107.36 93.1029 -221.878 2235.73 0 
93.1029 -221.878 -448.68 2711.75 0 
-221.878 -448.68 -246.049 3105.4 0 
-448.68 -246.049 -51.8841 3331.26 1 
-246.049 -51.8841 2.86773 3837.77 0 
-51.8841 2.86773 -172.495 3162 0 
2.86773 -172.495 -61.5536 3789.24 1 
-172.495 -61.5536 38.4314 5438.9 1 
-61.5536 38.4314 138.598 5904.74 1 
38.4314 138.598 67.6263 5389.61 0 
138.598 67.6263 -18.823 2918.13 1 
67.6263 -18.823 116.121 2402.1 1 
-18.823 116.121 93.4994 2837.35 0 
116.121 93.4994 -115.145 2755.78 0 
93.4994 -115.145 -84.0209 2271.42 1 
-115.145 -84.0209 114.726 2271.42 1 
-84.0209 114.726 86.1484 2186.08 0 
114.726 86.1484 -63.2151 1838.67 1 
86.1484 -63.2151 1.05526 1382.3 0 
-63.2151 1.05526 -496.875 1382.3 0 
1.05526 -496.875 -372.874 2731.32 0 
-496.875 -372.874 -6.69387 2721.65 0 
-372.874 -6.69387 -311.003 2614.67 1 
-6.69387 -311.003 59.7891 2512.19 1 
-311.003 59.7891 48.2121 3826.82 0 
59.7891 48.2121 -89.6407 3820.41 1 
48.2121 -89.6407 47.7458 4056.18 1 
-89.6407 47.7458 14.1095 3668.45 1 
47.7458 14.1095 194.934 3872.76 0 
14.1095 194.934 -37.9171 4414.3 1 
194.934 -37.9171 56.5667 4414.3 0 
-37.9171 56.5667 -377.63 4415.74 0 
56.5667 -377.63 -223.173 4019.97 0 
-377.63 -223.173 -111.577 4019.97 1 
-223.173 -111.577 179.003 4019.97 0 
-111.577 179.003 -1.51574 5777.34 0 
179.003 -1.51574 -105.882 7163.78 0 
-1.51574 -105.882 -14.1697 7329.88 0 
-105.882 -14.1697 -178.055 7528.23 1 
-14.1697 -178.055 459.81 7528.23 0 
-178.055 459.81 -13.3127 7528.23 1 
459.81 -13.3127 102.835 7528.23 1 
-13.3127 102.835 143.613 7007.48 0 
102.835 143.613 -25.6637 6617.36 1 
143.613 -25.6637 10.1488 6994.36 0 
-25.6637 10.1488 -39.3916 8164.79 1 
10.1488 -39.3916 32.219 8109.42 1 
-39.3916 32.219 164.941 8102.41 0 
32.219 164.941 -33.2847 7763.93 0 
164.941 -33.2847 -225.494 7159.78 0 
-33.2847 -225.494 -125.85 4519.66 0 
-225.494 -125.85 -135.246 3713.14 1 
-125.85 -135.246 17.6336 3531.9 0 
-135.246 17.6336 -0.912247 3180.69 1 
17.6336 -0.912247 82.4436 2683.6 1 
-0.912247 82.4436 202.919 2694.47 1 
82.4436 202.919 356.495 2675.5 1 
202.919 356.495 524.992 2483.9 0 
356.495 524.992 -12.5979 2331.86 1 
524.992 -12.5979 30.383 1558.58 0 
-12.5979 30.383 -73.7725 1331.48 1 
30.383 -73.7725 101.317 1187.98 1 
-73.7725 101.317 231.743 1617.57 1 
101.317 231.743 391.706 1617.57 1 
231.743 391.706 181.904 1882.13 0 
391.706 181.904 -57.0842 2079.7 0 
181.904 -57.0842 -175.051 1480.64 1 
-57.0842 -175.051 158.612 1534.3 1 
-175.051 158.612 22.7964 1632.53 0 
158.612 22.7964 -69.0576 1826.38 0 
22.7964 -69.0576 -218.634 2221.86 0 
-69.0576 -218.634 -344.993 2221.86 1 
-218.634 -344.993 20.2189 2432.17 0 
-344.993 20.2189 -196.154 2558.68 0 
20.2189 -196.154 -146.512 2873.03 0 
-196.154 -146.512 -251.869 3328.27 0 
-146.512 -251.869 -7.60003 3419.46 0 
-251.869 -7.60003 -1.56116 3627.16 0 
-7.60003 -1.56116 -541.781 3627.16 0 
-1.56116 -541.781 -50.4165 3787.34 1 
-541.781 -50.4165 0.447505 3503.75 0 
-50.4165 0.447505 -210.318 3506.67 1 
0.447505 -210.318 120.936 3259.55 1 
-210.318 120.936 39.7744 3211.49 0 
120.936 39.7744 -289.218 3382.82 1 
39.7744 -289.218 314.012 2873.57 0 
-289.218 314.012 -24.7366 3463.41 1 
314.012 -24.7366 121.235 3771.89 0 
-24.7366 121.235 -23.3808 3831.01 0 
121.235 -23.3808 -41.5091 3029.61 1 
-23.3808 -41.5091 42.2887 2948.78 0 
-41.5091 42.2887 -44.1731 2948.78 1 
42.2887 -44.1731 179.265 3067.1 0 
-44.1731 179.265 -145.339 2850.95 1 
179.265 -145.339 118.961 2852 1 
-145.339 118.961 161.477 3584.73 0 
118.961 161.477 -43.8786 4163.89 1 
161.477 -43.8786 43.2549 5085.12 1 
-43.8786 43.2549 274.789 5002.67 1 
43.2549 274.789 61.008 4090.46 0 
274.789 61.008 -122.856 3284.08 1 
61.008 -122.856 53.1706 4108.46 1 
-122.856 53.1706 131.848 2780.97 1 
53.1706 131.848 129.525 2933.14 1 
131.848 129.525 19.5884 3961.27 1 
129.525 19.5884 62.4661 3367.95 0 
19.5884 62.4661 -210.535 3545.46 0 
62.4661 -210.535 -690.841 3545.46 1 
-210.535 -690.841 21.8132 3528.52 0 
-690.841 21.8132 -94.2132 3267.74 0 
21.8132 -94.2132 -53.1046 3847.15 0 
-94.2132 -53.1046 -8.61082 4064.55 1 
-53.1046 -8.61082 2.26892 3881.18 0 
-8.61082 2.26892 -21.8584 3642.77 1 
2.26892 -21.8584 173.756 3396.1 1 
-21.8584 173.756 58.514 3856.93 1 
173.756 58.514 20.358 3474.42 0 
58.514 20.358 -38.4147 2882.64 0 
20.358 -38.4147 -94.585 2426.14 0 
-38.4147 -94.585 -90.182 2493.85 1 
-94.585 -90.182 39.0598 2500.71 1 
-90.182 39.0598 75.9748 1881.27 1 
39.0598 75.9748 246.877 2245.68 1 
75.9748 246.877 46.4404 1380.2 1 
246.877 46.4404 2.00277 1380.2 0 
46.4404 2.00277 -73.2168 1229.07 0 
2.00277 -73.2168 -221.82 1229.07 1 
-73.2168 -221.82 50.3702 1389.73 1 
-221.82 50.3702 58.8786 1398.62 1 
50.3702 58.8786 144.126 1393.18 0 
58.8786 144.126 -126.132 1318.41 1 
144.126 -126.132 38.403 1436.17 0 
-126.132 38.403 -4.05955 1190.99 0 
38.403 -4.05955 -33.7642 1182.09 0 
-4.05955 -33.7642 -93.0462 1188.14 1 
-33.7642 -93.0462 99.7559 1750.25 0 
-93.0462 99.7559 -2.52398 1761.29 1 
99.7559 -2.52398 11.3356 1493.98 0 
-2.52398 11.3356 -22.4563 1221.65 1 
11.3356 -22.4563 54.6847 856.705 0 
-22.4563 54.6847 -1.15072 1149.19 0 
54.6847 -1.15072 -71.6625 1320.42 0 
-1.15072 -71.6625 -301.987 1320.42 0 
-71.6625 -301.987 -12.0681 1208.26 0 
-301.987 -12.0681 -5.57624 1208.26 1 
-12.0681 -5.57624 30.3938 1095.78 1 
-5.57624 30.3938 149.767 1054.72 1 
30.3938 149.767 61.9827 1094.3 1 
149.767 61.9827 0.497362 1094.3 0 
61.9827 0.497362 -12.546 1092.72 0 
0.497362 -12.546 -40.3118 1046.2 1 
-12.546 -40.3118 11.8334 889.755 1 
-40.3118 11.8334 36.77 887.95 0 
11.8334 36.77 -29.1614 818.115 0 
36.77 -29.1614 -9.74749 429.687 1 
-29.1614 -9.74749 30.2437 418.411 0 
-9.74749 30.2437 -24.8051 417.416 1 
30.2437 -24.8051 0.349845 418.604 1 
-24.8051 0.349845 5.22989 417.232 0 
0.349845 5.22989 -3.92772 416.389 0 
5.22989 -3.92772 -77.0786 429.131 0 
-3.92772 -77.0786 -60.9611 415.319 1 
-77.0786 -60.9611 13.7006 409.395 1 
-60.9611 13.7006 33.7944 400.972 1 
13.7006 33.7944 39.9133 180.172 0 
33.7944 39.9133 -18.6007 146.543 1 
39.9133 -18.6007 36.6896 220.751 1 
-18.6007 36.6896 34.4858 248.591 1 
36.6896 34.4858 9.09907 309.445 1 
34.4858 9.09907 93.5888 309.445 0 
9.09907 93.5888 -58.4301 289.014 0 
93.5888 -58.4301 -83.2957 289.014 0 
-58.4301 -83.2957 -10.5058 302.984 0 
-83.2957 -10.5058 -17.0694 310.103 1 
-10.5058 -17.0694 12.7388 307.93 0 
-17.0694 12.7388 -60.5599 272.946 0 
12.7388 -60.5599 -283.281 272.946 0 
-60.5599 -283.281 -511.952 272.946 1 
-283.281 -511.952 36.071 272.946 0 
-511.952 36.071 -45.6329 272.946 1 
36.071 -45.6329 49.7771 272.946 0 
-45.6329 49.7771 -334.717 272.946 0 
49.7771 -334.717 -670.325 216.701 0 
-334.717 -670.325 -82.4641 235.593 1 
-670.325 -82.4641 20.0556 235.593 0 
-82.4641 20.0556 -219.088 233.107 0 
20.0556 -219.088 -51.077 233.107 0 
-219.088 -51.077 -439.943 233.107 1 
-51.077 -439.943 93.7832 242.557 0 
-439.943 93.7832 -148.06 202.396 1 
93.7832 -148.06 354.561 150.391 1 
-148.06 354.561 167.541 129.574 0 
354.561 167.541 -150.415 129.574 1 
167.541 -150.415 7.27305 141.007 1 
-150.415 7.27305 38.6941 141.007 0 
7.27305 38.6941 -196.308 150.18 0 
38.6941 -196.308 -19.5664 179.308 0 
-196.308 -19.5664 -102.352 270.103 0 
-19.5664 -102.352 -107.973 278.46 0 
-102.352 -107.973 -334.307 238.379 1 
-107.973 -334.307 25.1963 225.628 1 
-334.307 25.1963 86.4452 305.865 0 
25.1963 86.4452 -3.70366 257.444 0 
86.4452 -3.70366 -103.421 269.143 1 
-3.70366 -103.421 33.8888 322.649 0 
-103.421 33.8888 -37.7062 290.445 0 
33.8888 -37.7062 -127.892 283.975 0 
-37.7062 -127.892 -53.729 276.978 1 
-127.892 -53.729 38.2828 269.421 1 
-53.729 38.2828 120.687 270.973 1 
38.2828 120.687 170.558 182.561 1 
120.687 170.558 239.848 348.301 1 
170.558 239.848 175.067 321.064 1 
239.848 175.067 48.7975 320.014 0 
175.067 48.7975 -120.55 441.259 1 
48.7975 -120.55 126.378 456.367 1 
-120.55 126.378 148.237 443.905 0 
126.378 148.237 -353.13 476.931 1 
148.237 -353.13 5.60229 589.331 0 
-353.13 5.60229 -61.402 900.033 0 
5.60229 -61.402 -15.7147 823.169 1 
-61.402 -15.7147 171.397 769.987 0 
-15.7147 171.397 -85.1658 760.813 0 
171.397 -85.1658 -31.3104 1054.2 0 
-85.1658 -31.3104 -56.0016 1132.77 1 
-31.3104 -56.0016 123.735 1077.16 1 
-56.0016 123.735 4.84474 1094.28 0 
123.735 4.84474 -44.8224 1136.17 1 
4.84474 -44.8224 49.7879 1127.26 1 
-44.8224 49.7879 51.1882 1322 1 
49.7879 51.1882 137.008 1363.36 0 
51.1882 137.008 -15.5283 1631.49 1 
137.008 -15.5283 3.50628 1631.49 0 
-15.5283 3.50628 -218.417 1631.49 0 
3.50628 -218.417 -155.313 1648.79 0 
-218.417 -155.313 -10.3381 1732.58 0 
-155.313 -10.3381 -50.9449 1675.47 1 
-10.3381 -50.9449 7.27626 1581.34 1 
-50.9449 7.27626 57.6524 1379.29 0 
7.27626 57.6524 -36.8445 1269.8 0 
57.6524 -36.8445 -0.402656 1508.37 1 
-36.8445 -0.402656 11.9692 1440.38 1 
-0.402656 11.9692 60.975 1486.5 0 
11.9692 60.975 -75.452 1440.4 0 
60.975 -75.452 -64.687 866.548 1 
-75.452 -64.687 16.0886 860.327 1 
-64.687 16.0886 16.9035 795.614 0 
16.0886 16.9035 -14.5279 737.416 1 
16.9035 -14.5279 2.07994 635.124 1 
-14.5279 2.07994 15.3386 625.372 0 
2.07994 15.3386 -27.1004 625.372 0 
15.3386 -27.1004 -107.709 594.724 0 
-27.1004 -107.709 -39.1031 585.321 1 
-107.709 -39.1031 26.1648 496.522 1 
-39.1031 26.1648 0.260343 495.469 0 
26.1648 0.260343 -7.7411 473.828 1 
0.260343 -7.7411 15.5099 471.246 0 
-7.7411 15.5099 -7.21089 499.872 0 
15.5099 -7.21089 -10.9046 484.655 1 
-7.21089 -10.9046 5.34873 434.556 0 
-10.9046 5.34873 -48.1143 560.497 0 
5.34873 -48.1143 -5.04824 216.331 1 
-48.1143 -5.04824 89.6761 150.733 1 
-5.04824 89.6761 159.047 159.613 0 
89.6761 159.047 -7.00516 159.613 0 
159.047 -7.00516 -12.7063 159.613 0 
-7.00516 -12.7063 -17.2945 159.946 1 
-12.7063 -17.2945 4.12055 160.008 0 
-17.2945 4.12055 -13.1773 171.272 1 
4.12055 -13.1773 1.59712 169.244 1 
-13.1773 1.59712 17.3216 169.554 0 
1.59712 17.3216 -2.44089 164.124 1 
17.3216 -2.44089 171.367 209.94 1 
-2.44089 171.367 144.097 211.105 1 
171.367 144.097 10.2072 206.454 0 
144.097 10.2072 -4.43264 270.181 1 
10.2072 -4.43264 19.1931 269.016 1 
-4.43264 19.1931 59.3458 279.427 1 
19.1931 59.3458 0.077293 280.745 0 
59.3458 0.077293 -191.885 282.06 1 
0.077293 -191.885 6.30168 265.936 0 
-191.885 6.30168 -4.56551 277.51 1 
6.30168 -4.56551 15.4576 272.936 1 
-4.56551 15.4576 3.09591 282.756 0 
15.4576 3.09591 -8.58044 273.046 0 
3.09591 -8.58044 -3.92695 274.617 0 
-8.58044 -3.92695 -77.5502 274.617 1 
-3.92695 -77.5502 45.6843 254.98 1 
-77.5502 45.6843 70.2294 298.99 1 
45.6843 70.2294 21.9136 202.569 1 
70.2294 21.9136 10.647 166.669 1 
21.9136 10.647 19.2969 158.477 1 
10.647 19.2969 1.40146 165.157 0 
19.2969 1.40146 -29.7878 140.603 0 
1.40146 -29.7878 -15.6024 124.114 1 
-29.7878 -15.6024 5.64462 121.822 0 
-15.6024 5.64462 -2.74087 67.6011 1 
5.64462 -2.74087 28.2855 65.1533 1 
-2.74087 28.2855 100.125 64.781 0 
28.2855 100.125 -15.1843 62.9711 1 
100.125 -15.1843 5.54044 59.7568 1 
-15.1843 5.54044 8.02903 61.6385 1 
5.54044 8.02903 18.9909 55.4055 1 
8.02903 18.9909 9.22312 61.6348 0 
18.9909 9.22312 -23.4482 61.6348 0 
9.22312 -23.4482 -1.37124 67.7653 0 
-23.4482 -1.37124 -11.8435 64.543 0 
-1.37124 -11.8435 -19.4051 65.5076 0 
-11.8435 -19.4051 -40.9013 65.5076 1 
-19.4051 -40.9013 85.8441 147.039 1 
-40.9013 85.8441 15.0428 174.495 1 
85.8441 15.0428 48.8744 98.405 1 
15.0428 48.8744 25.9084 89.4569 1 
48.8744 25.9084 4.50233 73.7114 1 
25.9084 4.50233 37.1639 54.2134 1 
4.50233 37.1639 523.89 54.2134 1 
37.1639 523.89 389.056 48.987 0 
523.89 389.056 -66.9247 48.3609 1 
389.056 -66.9247 9.18884 48.4752 1 
-66.9247 9.18884 63.3346 52.4215 1 
9.18884 63.3346 84.5186 51.624 1 
63.3346 84.5186 112.753 52.4404 0 
84.5186 112.753 -20.1033 52.4404 1 
112.753 -20.1033 49.6324 64.0462 0 
-20.1033 49.6324 -141.028 64.0462 0 
49.6324 -141.028 -82.3047 114.403 1 
-141.028 -82.3047 37.0072 114.404 0 
-82.3047 37.0072 -5.55544 234.814 1 
37.0072 -5.55544 42.2895 234.815 0 
-5.55544 42.2895 -22.2383 223.489 1 
42.2895 -22.2383 119.576 173.132 1 
-22.2383 119.576 45.2547 94.5978 0 
119.576 45.2547 -4.6549 91.0075 1 
45.2547 -4.6549 54.058 121.65 0 
-4.6549 54.058 -26.0191 137.021 1 
54.058 -26.0191 30.5513 159.157 1 
-26.0191 30.5513 215.236 159.157 0 
30.5513 215.236 -45.2842 153.724 0 
215.236 -45.2842 -64.9477 153.724 0 
-45.2842 -64.9477 -273.172 219.755 1 
-64.9477 -273.172 15.3764 360.166 1 
-273.172 15.3764 4.62314 360.166 0 
15.3764 4.62314 -15.291 332.218 1 
4.62314 -15.291 45.4894 316.711 1 
-15.291 45.4894 103.685 317.268 1 
45.4894 103.685 57.8532 328.257 1 
103.685 57.8532 256.895 344.793 1 
57.8532 256.895 75.9602 344.356 1 
256.895 75.9602 27.1938 372.613 0 
75.9602 27.1938 -65.1938 306.28 1 
27.1938 -65.1938 207.305 368.09 0 
-65.1938 207.305 -19.5403 516.725 1 
207.305 -19.5403 203.275 523.358 1 
-19.5403 203.275 243.323 547.217 1 
203.275 243.323 516.229 547.217 1 
243.323 516.229 348.77 539.052 1 
516.229 348.77 254.394 1527.74 1 
348.77 254.394 583.084 1527.74 1 
254.394 583.084 61.6478 2265.3 0 
583.084 61.6478 -61.1302 6895.96 0 
61.6478 -61.1302 -730.478 6910.87 1 
-61.1302 -730.478 63.3582 6918.42 1 
-730.478 63.3582 607.894 7046.69 0 
63.3582 607.894 -27.663 7600.94 1 
607.894 -27.663 46.2272 7583.77 0 
-27.663 46.2272 -62.1429 7567.62 0 
46.2272 -62.1429 -187.381 7849.62 1 
-62.1429 -187.381 280.334 2436.5 1 
-187.381 280.334 61.4337 2436.5 1 
280.334 61.4337 81.2177 2818.39 1 
61.4337 81.2177 656.053 2821.23 0 
81.2177 656.053 -56.4692 2889.88 0 
656.053 -56.4692 -79.5658 2695.18 0 
-56.4692 -79.5658 -14.8043 3460.38 0 
-79.5658 -14.8043 -281.4 3288.84 1 
-14.8043 -281.4 191.762 4914.58 1 
-281.4 191.762 126.009 6614.81 0 
191.762 126.009 -137.086 5978.69 0 
126.009 -137.086 -680.936 5981.59 0 
-137.086 -680.936 -78.1093 5981.59 0 
-680.936 -78.1093 -20.7672 5919.19 1 
-78.1093 -20.7672 187.809 6018.37 1 
-20.7672 187.809 2.19115 6002.48 0 
187.809 2.19115 -142.15 6169.22 1 
2.19115 -142.15 21.1836 4159.09 1 
-142.15 21.1836 76.9286 4856.18 1 
21.1836 76.9286 139.709 4662.08 1 
76.9286 139.709 133.186 3713.58 1 
139.709 133.186 183.827 2287.01 1 
133.186 183.827 374.174 2143.94 1 
183.827 374.174 368.011 1134.8 1 
374.174 368.011 140.621 778.607 0 
368.011 140.621 -83.3685 819.534 0 
140.621 -83.3685 -5.03445 1386.54 1 
-83.3685 -5.03445 205.262 1906.98 1 
-5.03445 205.262 448.939 2111.65 1 
205.262 448.939 923.151 2382.65 1 
448.939 923.151 21.6309 2421.67 1 
923.151 21.6309 97.6341 2591.94 1 
21.6309 97.6341 469.521 2249.41 1 
97.6341 469.521 1329.17 2519.17 0 
469.521 1329.17 -839.595 2542.58 0 
1329.17 -839.595 -125.742 3045.53 1 
-839.595 -125.742 172.618 3065.11 0 
-125.742 172.618 -310.823 3065.11 0 
172.618 -310.823 -852.192 3065.11 0 
-310.823 -852.192 -382.726 3091.21 1 
-852.192 -382.726 1040.8 3091.21 1 
-382.726 1040.8 414.135 3011.39 0 
1040.8 414.135 -619.001 3011.39 1 
414.135 -619.001 274.937 3011.44 0 
-619.001 274.937 -103.898 3011.44 1 
274.937 -103.898 482.182 3011.39 1 
-103.898 482.182 719.92 3498.89 1 
482.182 719.92 135.742 3498.89 0 
719.92 135.742 -1065.37 12598.3 1 
135.742 -1065.37 1.1853 13763.7 0 
-1065.37 1.1853 -155.979 13202.3 0 
1.1853 -155.979 -571.615 12807.3 0 
-155.979 -571.615 -438.951 17519 0 
-571.615 -438.951 -63.2128 21900.9 0 
-438.951 -63.2128 -778.664 21220 1 
-63.2128 -778.664 475.96 22687.4 1 
-778.664 475.96 419.923 24195.9 1 
475.96 419.923 207.957 24064.1 0 
419.923 207.957 -102.592 19883.9 0 
207.957 -102.592 -127.321 20876.7 0 
-102.592 -127.321 -379.439 19654.4 0 
-127.321 -379.439 -368.192 18516.1 1 
-379.439 -368.192 314.566 40328.7 0 
-368.192 314.566 -242.875 48654.4 0 
314.566 -242.875 -46.1838 47967.3 0 
-242.875 -46.1838 -243.253 48063.2 1 
-46.1838 -243.253 54.5773 39191 1 
-243.253 54.5773 0.870706 34482.1 1 
54.5773 0.870706 317.118 34527.6 1 
0.870706 317.118 227.389 34406.1 1 
317.118 227.389 390.028 34407.7 1 
227.389 390.028 309.633 45221.2 1 
390.028 309.633 35.808 42331.1 1 
309.633 35.808 854.971 47343.8 1 
35.808 854.971 82.1407 48484.9 0 
854.971 82.1407 -46.0047 52442.3 1 
82.1407 -46.0047 90.0747 52028.7 1 
-46.0047 90.0747 18.2498 52143.5 0 
90.0747 18.2498 -241.025 52160.9 0 
18.2498 -241.025 -200.552 50834.8 1 
-241.025 -200.552 16.7778 51214.1 0 
-200.552 16.7778 -257.425 50267.3 0 
16.7778 -257.425 -698.765 50066.9 0 
-257.425 -698.765 -427.125 50066.9 1 
-698.765 -427.125 219.388 49944 1 
-427.125 219.388 65.0766 49608.6 0 
219.388 65.0766 -3.85567 48498.1 1 
65.0766 -3.85567 322.955 46801.2 1 
-3.85567 322.955 135.931 33126 0 
322.955 135.931 -559.776 25257.1 0 
135.931 -559.776 -148.425 19199.6 1 
-559.776 -148.425 218.153 16451.5 0 
-148.425 218.153 -109.096 15018.9 0 
218.153 -109.096 -54.9608 11891.5 1 
-109.096 -54.9608 245.615 10226.2 0 
-54.9608 245.615 -172.335 9587.57 0 
245.615 -172.335 -130.66 9233.38 0 
-172.335 -130.66 -522.703 9171.49 1 
-130.66 -522.703 14.7111 7059.3 1 
-522.703 14.7111 57.8451 6983.38 1 
14.7111 57.8451 33.1473 6749.46 1 
57.8451 33.1473 324.151 7134.88 1 
33.1473 324.151 572.289 7134.88 1 
324.151 572.289 41.0225 7134.88 1 
572.289 41.0225 0.950085 7134.88 1 
41.0225 0.950085 95.3284 7134.88 0 
0.950085 95.3284 -236.012 8744.77 1 
95.3284 -236.012 36.061 4765.83 0 
-236.012 36.061 -158.82 5157.97 0 
36.061 -158.82 -80.7424 4065.97 0 
-158.82 -80.7424 -157.155 6055.44 1 
-80.7424 -157.155 156.42 4963.89 1 
-157.155 156.42 95.8696 4928.36 1 
156.42 95.8696 25.4456 4937.84 0 
95.8696 25.4456 -24.8363 5063.05 0 
25.4456 -24.8363 -63.8793 4835.27 0 
-24.8363 -63.8793 -34.8406 4717.24 0 
-63.8793 -34.8406 -22.0039 3942.81 0 
-34.8406 -22.0039 -204.876 3696.9 1 
-22.0039 -204.876 184.261 4333.64 0 
-204.876 184.261 -136.605 4082.51 0 
184.261 -136.605 -59.8513 2505.7 0 
-136.605 -59.8513 -101.354 2594.04 0 
-59.8513 -101.354 -453.046 2474.57 0 
-101.354 -453.046 -973.361 2474.57 0 
-453.046 -973.361 -198.751 2474.57 0 
-973.361 -198.751 -212.117 2552.18 1 
-198.751 -212.117 119.153 2895.31 0 
-212.117 119.153 -85.3257 2369.89 0 
119.153 -85.3257 -0.415766 2650.2 1 
-85.3257 -0.415766 289.39 2459.83 0 
-0.415766 289.39 -104.531 3319.3 0 
289.39 -104.531 -12.146 3319.3 0 
-104.531 -12.146 -97.7658 1916.43 0 
-12.146 -97.7658 -38.8519 1916.43 0 
-97.7658 -38.8519 -127.743 1916.43 1 
-38.8519 -127.743 60.528 1833.59 1 
-127.743 60.528 169.086 2321.6 1 
60.528 169.086 129.42 1877.96 1 
169.086 129.42 221.516 2562.02 0 
129.42 221.516 -161.875 2615.87 0 
221.516 -161.875 -64.9051 2511.21 1 
-161.875 -64.9051 24.9363 2737.81 0 
-64.9051 24.9363 -50.8264 2513.9 0 
24.9363 -50.8264 -44.2312 2098.34 0 
-50.8264 -44.2312 -199.242 818.881 0 
-44.2312 -199.242 -31.6154 818.881 0 
-199.242 -31.6154 -69.6443 884.101 0 
-31.6154 -69.6443 -3.44066 884.101 1 
-69.6443 -3.44066 60.5404 1176.11 1 
-3.44066 60.5404 202.124 748.053 0 
60.5404 202.124 -22.5756 1249.86 0 
202.124 -22.5756 -462.972 1249.86 0 
-22.5756 -462.972 -286.878 1249.86 1 
-462.972 -286.878 430.584 1249.86 1 
-286.878 430.584 1438.86 2160.94 1 
430.584 1438.86 93.9177 2076.62 1 
1438.86 93.9177 62.7747 2076.62 0 
93.9177 62.7747 -92.2164 2076.62 0 
62.7747 -92.2164 -190.206 2083.94 0 
-92.2164 -190.206 -20.5646 2086.02 0 
-190.206 -20.5646 -17.5835 1944.86 1 
-20.5646 -17.5835 125.563 1420.44 0 
-17.5835 125.563 -62.7536 1064.79 1 
125.563 -62.7536 39.0576 1489.3 1 
-62.7536 39.0576 86.7442 1101.39 0 
39.0576 86.7442 -7.1735 327.795 0 
86.7442 -7.1735 -97.7097 964.959 0 
-7.1735 -97.7097 -258.62 1143.14 0 
-97.7097 -258.62 -168.442 1158.07 1 
-258.62 -168.442 85.6394 1158.68 0 
-168.442 85.6394 -104.069 1158.68 0 
85.6394 -104.069 -59.0852 1235.3 1 
-104.069 -59.0852 13.7795 1061.18 0 
-59.0852 13.7795 -92.2818 1061.63 0 
13.7795 -92.2818 -115.882 722.377 0 
-92.2818 -115.882 -69.9477 771.004 1 
-115.882 -69.9477 44.3007 770.39 0 
-69.9477 44.3007 -135.411 770.39 0 
44.3007 -135.411 -263.186 791.2 0 
-135.411 -263.186 -17.3419 828.146 0 
-263.186 -17.3419 -250.071 828.146 0 
-17.3419 -250.071 -505.424 1053.25 0 
-250.071 -505.424 -100.334 1154.18 0 
-505.424 -100.334 -96.2475 1180.01 0 
-100.334 -96.2475 -183.53 1057.05 1 
-96.2475 -183.53 178.496 977.942 1 
-183.53 178.496 111.312 975.867 1 
178.496 111.312 270.286 770.691 1 
111.312 270.286 89.6588 822.458 1 
270.286 89.6588 41.5904 841.563 0 
89.6588 41.5904 -300.316 841.563 0 
41.5904 -300.316 -43.5048 841.563 1 
-300.316 -43.5048 8.9061 895.869 0 
-43.5048 8.9061 -42.3155 795.149 1 
8.9061 -42.3155 51.8647 1099.25 1 
-42.3155 51.8647 76.4141 1104.34 1 
51.8647 76.4141 127.706 995.907 0 
76.4141 127.706 -36.7129 1427.15 0 
127.706 -36.7129 -34.7676 1030.54 0 
-36.7129 -34.7676 -160.46 1016.86 0 
-34.7676 -160.46 -89.9162 1123.84 0 
-160.46 -89.9162 -38.2825 1054.57 1 
-89.9162 -38.2825 54.607 834.487 0 
-38.2825 54.607 -62.9433 1321.96 0 
54.607 -62.9433 -74.3161 1183.54 0 
-62.9433 -74.3161 -56.9244 1207.08 0 
-74.3161 -56.9244 -242.471 1415.19 0 
-56.9244 -242.471 -19.1992 679.451 1 
-242.471 -19.1992 376.751 471.244 1 
-19.1992 376.751 3.02988 471.244 0 
376.751 3.02988 -2.37267 406.582 1 
3.02988 -2.37267 79.2715 433.253 1 
-2.37267 79.2715 276.04 477.695 0 
79.2715 276.04 -207.358 635.53 0 
276.04 -207.358 -85.4801 643.166 1 
-207.358 -85.4801 10.2709 721.878 0 
-85.4801 10.2709 -29.3601 730.613 1 
10.2709 -29.3601 106.883 731.364 1 
-29.3601 106.883 46.9227 607.096 0 
106.883 46.9227 -47.4584 648.27 0 
46.9227 -47.4584 -99.1903 609.859 0 
-47.4584 -99.1903 -3.37568 634.073 0 
-99.1903 -3.37568 -123.096 653.861 1 
-3.37568 -123.096 145.654 667.314 1 
-123.096 145.654 103.652 506.706 1 
145.654 103.652 108.157 510.532 1 
103.652 108.157 103.932 457.677 1 
108.157 103.932 395.826 618.479 1 
103.932 395.826 305.796 618.479 0 
395.826 305.796 -337.006 618.479 0 
305.796 -337.006 -10.4955 618.479 1 
-337.006 -10.4955 225.222 738.276 0 
-10.4955 225.222 -1.84399 912.921 0 
225.222 -1.84399 -8.86269 1199.74 1 
-1.84399 -8.86269 472.112 1501.7 1 
-8.86269 472.112 168.801 2566.79 0 
472.112 168.801 -69.973 4607.37 1 
168.801 -69.973 179.072 4629.24 1 
-69.973 179.072 38.6971 4698.93 0 
179.072 38.6971 -44.2037 4401.04 0 
38.6971 -44.2037 -202.627 4242.16 1 
-44.2037 -202.627 1.50331 4224.79 1 
-202.627 1.50331 19.8489 4226.88 0 
1.50331 19.8489 -229.8 4253.77 0 
19.8489 -229.8 -52.4814 4253.77 0 
-229.8 -52.4814 -62.4242 4315.06 1 
-52.4814 -62.4242 108.674 3961.13 1 
-62.4242 108.674 293.173 3694.1 1 
108.674 293.173 318.456 8357.18 1 
293.173 318.456 288.992 8470.14 1 
318.456 288.992 39.6497 8344.99 0 
288.992 39.6497 -28.4385 8099.9 1 
39.6497 -28.4385 30.1126 8014.38 1 
-28.4385 30.1126 4.37891 7955.55 0 
30.1126 4.37891 -46.4768 8036.94 0 
4.37891 -46.4768 -127.127 8182.38 1 
-46.4768 -127.127 199.159 8170.68 1 
-127.127 199.159 286.189 6201.66 1 
199.159 286.189 88.2966 4110.75 1 
286.189 88.2966 36.5261 2019.86 1 
88.2966 36.5261 267.358 2180.71 0 
36.5261 267.358 -158.768 2135.42 1 
267.358 -158.768 35.6178 2573.92 1 
-158.768 35.6178 386.262 3323.3 0 
35.6178 386.262 -57.975 3762.64 0 
386.262 -57.975 -24.6746 3764.62 0 
-57.975 -24.6746 -116.936 3450.39 0 
-24.6746 -116.936 -239.614 3741.06 0 
-116.936 -239.614 -184.867 3976.51 1 
-239.614 -184.867 126.3 4216.4 1 
-184.867 126.3 253.317 4192.97 0 
126.3 253.317 -516.704 4498.34 1 
253.317 -516.704 107.326 4582.98 0 
-516.704 107.326 -29.3505 4500.19 1 
107.326 -29.3505 209.65 3257.65 0 
-29.3505 209.65 -134.867 3120.07 0 
209.65 -134.867 -245.201 4933.92 0 
-134.867 -245.201 -456.338 3392.55 0 
-245.201 -456.338 -237.456 3124.52 0 
-456.338 -237.456 -97.4395 2903.3 0 
-237.456 -97.4395 -12.1222 2917.53 0 
-97.4395 -12.1222 -128.599 2389.42 1 
-12.1222 -128.599 189.362 2872.22 1 
-128.599 189.362 43.4597 3846.04 0 
189.362 43.4597 -29.745 3600.02 1 
43.4597 -29.745 258.834 3395.8 1 
-29.745 258.834 78.2568 2644.7 0 
258.834 78.2568 -44.127 2179.53 0 
78.2568 -44.127 -483.997 2368.09 0 
-44.127 -483.997 -687.843 2497.81 1 
-483.997 -687.843 66.0104 2497.81 0 
-687.843 66.0104 -98.1542 2362.35 0 
66.0104 -98.1542 -1182.45 2382.99 0 
-98.1542 -1182.45 -1371.5 3627.71 1 
-1182.45 -1371.5 115.189 3477.87 0 
-1371.5 115.189 -109.654 3477.87 0 
115.189 -109.654 -315.61 4723.85 1 
-109.654 -315.61 328.245 4275.07 0 
-315.61 328.245 -27.9788 4907.46 1 
328.245 -27.9788 479.532 4907.46 1 
-27.9788 479.532 596.523 4907.46 0 
479.532 596.523 -192.676 4907.46 0 
596.523 -192.676 -37.1343 4053.79 0 
-192.676 -37.1343 -26.1262 3770.09 1 
-37.1343 -26.1262 547.216 4724.64 1 
-26.1262 547.216 9.11395 4104.34 1 
547.216 9.11395 9.6509 4104.34 1 
9.11395 9.6509 20.0555 4521.38 0 
9.6509 20.0555 -464.103 2940.63 0 
20.0555 -464.103 -123.324 3797.19 1 
-464.103 -123.324 169.572 5202.85 1 
-123.324 169.572 177.392 3758.13 0 
169.572 177.392 -142.985 3703.57 1 
177.392 -142.985 415.971 3552.87 1 
-142.985 415.971 90.3797 3506.4 0 
415.971 90.3797 -41.8148 3700.18 1 
90.3797 -41.8148 23.4335 3567.75 1 
-41.8148 23.4335 295.554 5231.6 1 
23.4335 295.554 226.233 8829.49 0 
295.554 226.233 -15.5817 8493.31 1 
226.233 -15.5817 2.44762 8389.66 0 
-15.5817 2.44762 -331.936 8872.31 0 
2.44762 -331.936 -102.146 7617.33 1 
-331.936 -102.146 82.924 6157.32 0 
-102.146 82.924 -201.928 6718.49 1 
82.924 -201.928 132.781 4489.63 0 
-201.928 132.781 -85.7145 4462.19 1 
132.781 -85.7145 115.504 4029.33 1 
-85.7145 115.504 157.889 1645.51 1 
115.504 157.889 81.948 2368.33 1 
157.889 81.948 12.9062 2368.33 0 
81.948 12.9062 -116.547 2261.77 0 
12.9062 -116.547 -183.378 3972.53 1 
-116.547 -183.378 138.916 4278.2 1 
-183.378 138.916 297.75 4278.2 1 
138.916 297.75 217.756 3213.05 1 
297.75 217.756 22.8752 2980.1 1 
217.756 22.8752 58.7276 3017.41 1 
22.8752 58.7276 112.389 3208.37 1 
58.7276 112.389 15.3287 3071.01 1 
112.389 15.3287 514.949 3060.84 1 
15.3287 514.949 648.81 3060.84 0 
514.949 648.81 -110.242 3060.84 1 
648.81 -110.242 89.0066 3060.84 1 
-110.242 89.0066 106.115 3369.27 0 
89.0066 106.115 -207.114 3677.42 1 
106.115 -207.114 158.354 3899.69 1 
-207.114 158.354 232.926 3899.69 1 
158.354 232.926 328.518 2428.6 1 
232.926 328.518 432.921 2428.6 0 
328.518 432.921 -197.755 2519.02 0 
432.921 -197.755 -1040.01 2519.02 1 
-197.755 -1040.01 19.5916 2519.02 1 
-1040.01 19.5916 67.0454 2102.97 1 
19.5916 67.0454 271.65 2124.52 1 
67.0454 271.65 531.382 2186.89 0 
271.65 531.382 -53.0563 2186.89 0 
531.382 -53.0563 -120.842 2517.13 1 
-53.0563 -120.842 223.095 2906.11 1 
-120.842 223.095 95.4536 2906.11 0 
223.095 95.4536 -51.6383 3217.76 1 
95.4536 -51.6383 0.70082 3170.42 0 
-51.6383 0.70082 -391.221 2479.64 0 
0.70082 -391.221 -155.06 2304.79 1 
-391.221 -155.06 80.7567 2304.79 0 
-155.06 80.7567 -86.6103 1937.98 0 
80.7567 -86.6103 -299.854 1677.81 1 
-86.6103 -299.854 40.3374 2645.01 1 
-299.854 40.3374 170.498 3661.11 1 
40.3374 170.498 291.281 3393.36 1 
170.498 291.281 133.045 4295.18 1 
291.281 133.045 52.7572 4482.23 1 
133.045 52.7572 39.3185 3173.36 1 
52.7572 39.3185 38.4845 2462.64 1 
39.3185 38.4845 295.828 1670.77 0 
38.4845 295.828 -328.745 2113.81 1 
295.828 -328.745 148.608 2375.79 1 
-328.745 148.608 41.8201 2953.97 0 
148.608 41.8201 -105.44 3022.56 0 
41.8201 -105.44 -18.4804 3807.08 1 
-105.44 -18.4804 106.936 3569.2 0 
-18.4804 106.936 -12.6084 3626.78 1 
106.936 -12.6084 75.6889 3313.76 0 
-12.6084 75.6889 -148.087 3846.55 0 
75.6889 -148.087 -228.694 4752.68 1 
-148.087 -228.694 15.2609 4671.8 0 
-228.694 15.2609 -23.7904 3921.98 0 
15.2609 -23.7904 -158.396 3824.39 1 
-23.7904 -158.396 248.952 3903.07 0 
-158.396 248.952 -50.7913 4972.54 0 
248.952 -50.7913 -36.2874 4606.3 0 
-50.7913 -36.2874 -79.7351 4461.55 0 
-36.2874 -79.7351 -25.2901 4582.34 1 
-79.7351 -25.2901 47.1336 4347.79 1 
-25.2901 47.1336 133.853 4766.42 1 
47.1336 133.853 156.092 3467.02 0 
133.853 156.092 -201.277 3411.68 0 
156.092 -201.277 -205.426 3275.84 0 
-201.277 -205.426 -50.8712 3248.89 0 
-205.426 -50.8712 -74.5946 3261.81 0 
-50.8712 -74.5946 -49.998 2466.45 1 
-74.5946 -49.998 59.7283 2419.24 1 
-49.998 59.7283 34.8169 2865.79 1 
59.7283 34.8169 41.0953 2865.79 0 
34.8169 41.0953 -25.7936 2653.8 0 
41.0953 -25.7936 -72.2853 2771.57 0 
-25.7936 -72.2853 -2.16988 2689.53 0 
-72.2853 -2.16988 -29.7069 2368.22 1 
-2.16988 -29.7069 154.006 2403.28 1 
-29.7069 154.006 52.8921 2380.67 1 
154.006 52.8921 77.7816 2092.57 0 
52.8921 77.7816 -19.1716 1943.66 0 
77.7816 -19.1716 -127.197 1943.42 1 
-19.1716 -127.197 38.3918 1021.46 1 
-127.197 38.3918 10.5053 910.434 1 
38.3918 10.5053 29.1617 898.017 0 
10.5053 29.1617 -58.4864 819.88 1 
29.1617 -58.4864 1.49793 1077.11 0 
-58.4864 1.49793 -90.7643 1159.79 1 
1.49793 -90.7643 4.15299 1143.93 1 
-90.7643 4.15299 27.2675 1019.58 0 
4.15299 27.2675 -7.51313 666.189 1 
27.2675 -7.51313 22.9889 667.093 1 
-7.51313 22.9889 131.207 666.964 1 
22.9889 131.207 57.4035 679.86 1 
131.207 57.4035 174.958 973.659 1 
57.4035 174.958 16.1591 973.659 1 
174.958 16.1591 62.1086 1011.64 1 
16.1591 62.1086 215.159 1034.23 1 
62.1086 215.159 601.709 1034.23 1 
215.159 601.709 549.474 992.999 1 
601.709 549.474 110.641 1105.67 0 
549.474 110.641 -62.7507 3493.69 1 
110.641 -62.7507 162.82 3675.42 1 
-62.7507 162.82 414.146 3675.42 0 
162.82 414.146 -276.802 3392.35 0 
414.146 -276.802 -78.7358 3392.35 0 
-276.802 -78.7358 -11.9786 3392.33 1 
-78.7358 -11.9786 221.717 3392.33 1 
-11.9786 221.717 290.661 3392.33 0 
221.717 290.661 -39.1322 2537.84 0 
290.661 -39.1322 -31.2437 2508.28 0 
-39.1322 -31.2437 -13.2981 2377.75 1 
-31.2437 -13.2981 227.199 2418.42 0 
-13.2981 227.199 -266.916 2426.03 0 
227.199 -266.916 -169.44 2177.47 1 
-266.916 -169.44 87.9774 2679.08 1 
-169.44 87.9774 204.232 2678.21 1 
87.9774 204.232 121.898 1406.94 0 
204.232 121.898 -26.2779 1406.94 1 
121.898 -26.2779 205.21 1359.19 1 
-26.2779 205.21 108.195 1359.08 0 
205.21 108.195 -366.813 1240.85 1 
108.195 -366.813 1.38658 2172.64 0 
-366.813 1.38658 -54.612 2172.64 0 
1.38658 -54.612 -184.539 2228.53 1 
-54.612 -184.539 63.5738 2691.05 1 
-184.539 63.5738 110.381 3218.92 0 
63.5738 110.381 -227.039 3230.49 0 
110.381 -227.039 -101.71 2255.6 0 
-227.039 -101.71 -59.2258 1787.43 1 
-101.71 -59.2258 96.8236 1898.15 1 
-59.2258 96.8236 64.7011 1937.51 1 
96.8236 64.7011 101.642 1513.11 1 
64.7011 101.642 75.7813 1415.69 1 
101.642 75.7813 189.875 1380.45 0 
75.7813 189.875 -297.84 1160.35 0 
189.875 -297.84 -537.406 1153.97 0 
-297.84 -537.406 -647.426 1153.97 0 
-537.406 -647.426 -123.191 6699.62 0 
-647.426 -123.191 -66.9855 7057.52 0 
-123.191 -66.9855 -41.8292 7285.54 0 
-66.9855 -41.8292 -12.8041 7336.39 1 
-41.8292 -12.8041 40.9692 7862.37 1 
-12.8041 40.9692 151.385 7305.44 0 
40.9692 151.385 -36.3089 7982.04 1 
151.385 -36.3089 70.1313 8032.71 1 
-36.3089 70.1313 20.3769 7855.5 1 
70.1313 20.3769 117.808 7751.43 1 
20.3769 117.808 262.628 7751.43 1 
117.808 262.628 121.053 7697.22 0 
262.628 121.053 -2.35806 7776.8 1 
121.053 -2.35806 32.5649 7735.3 1 
-2.35806 32.5649 88.3669 7710.91 0 
32.5649 88.3669 -98.2648 6797.05 0 
88.3669 -98.2648 -238.62 6408.37 0 
-98.2648 -238.62 -208.804 978.35 0 
-238.62 -208.804 -38.6284 1060.68 1 
-208.804 -38.6284 18.1931 873.178 1 
-38.6284 18.1931 223.879 1139.33 1 
18.1931 223.879 44.9964 960.98 1 
223.879 44.9964 1.42715 921.161 1 
44.9964 1.42715 160.963 963.807 0 
1.42715 160.963 -149.019 985.841 1 
160.963 -149.019 11.6791 2207.43 1 
-149.019 11.6791 14.3576 2040.35 0 
11.6791 14.3576 -226.933 2025.8 1 
14.3576 -226.933 21.2013 3312.28 1 
-226.933 21.2013 54.9754 3257.03 1 
21.2013 54.9754 100.473 3262.94 0 
54.9754 100.473 -6.20523 3392.27 0 
100.473 -6.20523 -78.0758 2589.63 1 
-6.20523 -78.0758 113.274 1525.79 1 
-78.0758 113.274 248.91 1577.08 1 
113.274 248.91 351.091 1577.08 1 
248.91 351.091 26.1573 1548.12 1 
351.091 26.1573 86.8846 1122.81 1 
26.1573 86.8846 2.65075 1108.93 0 
86.8846 2.65075 -44.5997 1110.15 1 
2.65075 -44.5997 9.42771 1065.66 0 
-44.5997 9.42771 -49.9507 1043.9 0 
9.42771 -49.9507 -21.1988 1166.54 1 
-49.9507 -21.1988 81.624 1166.54 1 
-21.1988 81.624 161.912 1007.49 1 
81.624 161.912 258.372 1447.39 1 
161.912 258.372 613.63 1747.95 1 
258.372 613.63 473.917 1747.95 1 
613.63 473.917 0.114114 1747.95 1 
473.917 0.114114 97.4031 1655.18 1 
0.114114 97.4031 25.192 1655.83 1 
97.4031 25.192 11.5621 1591.52 1 
25.192 11.5621 300.676 1682.17 1 
11.5621 300.676 77.0054 2142.85 0 
300.676 77.0054 -114.119 2355.55 1 
77.0054 -114.119 104.928 2417.42 1 
-114.119 104.928 302.203 2417.42 1 
104.928 302.203 31.0556 2294.65 0 
302.203 31.0556 -172.201 2172.66 1 
31.0556 -172.201 16.0017 1647.38 1 
-172.201 16.0017 286.812 1626.97 1 
16.0017 286.812 830.946 867.416 1 
286.812 830.946 853.129 840.971 0 
830.946 853.129 -240.741 850.206 0 
853.129 -240.741 -140.714 944.608 1 
-240.741 -140.714 180.036 1342.16 0 
-140.714 180.036 -55.4201 985.667 1 
180.036 -55.4201 266.666 947.862 1 
-55.4201 266.666 335.117 922.053 1 
266.666 335.117 362.998 867.397 0 
335.117 362.998 -262.035 884.66 0 
362.998 -262.035 -33.3878 909.531 1 
-262.035 -33.3878 376.623 919.521 1 
-33.3878 376.623 711.413 1160.11 1 
376.623 711.413 801.368 1119.72 0 
711.413 801.368 -41.3838 1170.36 1 
801.368 -41.3838 492.979 1140.01 1 
-41.3838 492.979 375.183 1474.08 0 
492.979 375.183 -280.247 1485.45 1 
375.183 -280.247 16.3325 1187.07 1 
-280.247 16.3325 414.211 958.472 1 
16.3325 414.211 193.827 1687.53 0 
414.211 193.827 -1664.73 1687.53 0 
193.827 -1664.73 -403.458 1662.65 1 
-1664.73 -403.458 324.312 1894.3 1 
-403.458 324.312 678.566 2875.98 1 
324.312 678.566 923.04 2834.22 1 
678.566 923.04 352.296 4626.34 0 
923.04 352.296 -312.544 6317.2 1 
352.296 -312.544 329.342 7656.47 0 
-312.544 329.342 -160.177 7803.57 0 
329.342 -160.177 -125.65 7534.57 1 
-160.177 -125.65 147.18 7925.35 1 
-125.65 147.18 54.8861 7519.84 0 
147.18 54.8861 -256.776 8557.05 0 
54.8861 -256.776 -676.361 9654.84 1 
-256.776 -676.361 37.4989 9338.76 0 
-676.361 37.4989 -366.285 12674.1 1 
37.4989 -366.285 534.082 16239.6 1 
-366.285 534.082 641.71 16094.6 1 
534.082 641.71 48.2056 12378.4 1 
641.71 48.2056 190.918 10352.4 1 
48.2056 190.918 725.761 9763.27 1 
190.918 725.761 2539.45 9546.48 1 
725.761 2539.45 267.591 8586.26 1 
2539.45 267.591 476.1 8766.21 1 
267.591 476.1 233.63 5936.92 0 
476.1 233.63 -334.565 7608.28 0 
233.63 -334.565 -162.35 8090.89 1 
-334.565 -162.35 432.835 13589.3 0 
-162.35 432.835 -312.699 14245.4 1 
432.835 -312.699 798.263 14245.4 1 
-312.699 798.263 1252.12 14290.7 1 
798.263 1252.12 1777.78 13630.3 0 
1252.12 1777.78 -81.0661 13575.3 0 
1777.78 -81.0661 -294.242 13575.3 1 
-81.0661 -294.242 1471.5 10045.6 1 
