OFF
50 0 0
-1.278499999999621650e+01 2.875669811324769398e+00 -2.658803703704688814e+01
-3.927033333333565679e+01 -5.496672536687401589e+01 4.805039961014153960e+01
2.875669811324769398e+00 -2.658803703704688814e+01 1.332829346090875333e+00
-5.496672536687401589e+01 4.805039961014153960e+01 3.821340209790469089e+01
-2.658803703704688814e+01 1.332829346090875333e+00 1.039312820512532198e+01
4.805039961014153960e+01 3.821340209790469089e+01 -4.100533333332714392e+01
1.332829346090875333e+00 1.039312820512532198e+01 -9.178166666672041174e+00
3.821340209790469089e+01 -4.100533333332714392e+01 2.551163841806555865e+00
1.039312820512532198e+01 -9.178166666672041174e+00 -4.903559322036016965e+00
-4.100533333332714392e+01 2.551163841806555865e+00 5.132156214689712215e+01
-9.178166666672041174e+00 -4.903559322036016965e+00 3.854899999999906868e+01
2.551163841806555865e+00 5.132156214689712215e+01 2.073650000000270666e+01
-4.903559322036016965e+00 3.854899999999906868e+01 -3.010500000000502041e+01
5.132156214689712215e+01 2.073650000000270666e+01 7.855833333334885538e+00
3.854899999999906868e+01 -3.010500000000502041e+01 6.382212643680759356e+00
2.073650000000270666e+01 7.855833333334885538e+00 -2.254853886617638636e+00
-3.010500000000502041e+01 6.382212643680759356e+00 7.752307909602677682e+00
7.855833333334885538e+00 -2.254853886617638636e+00 9.896500000002561137e+00
6.382212643680759356e+00 7.752307909602677682e+00 -6.537516666666124365e+01
-2.254853886617638636e+00 9.896500000002561137e+00 -4.201133333333746123e+01
7.752307909602677682e+00 -6.537516666666124365e+01 8.810699999999815191e+01
9.896500000002561137e+00 -4.201133333333746123e+01 -1.782016666666822857e+01
-6.537516666666124365e+01 8.810699999999815191e+01 -7.260016666666160745e+01
-4.201133333333746123e+01 -1.782016666666822857e+01 -1.921850000000085856e+01
8.810699999999815191e+01 -7.260016666666160745e+01 -6.787833333335584030e+00
-1.782016666666822857e+01 -1.921850000000085856e+01 -3.052500000008876668e+00
-7.260016666666160745e+01 -6.787833333335584030e+00 4.635643678162159631e+01
-1.921850000000085856e+01 -3.052500000008876668e+00 1.131120689654926537e+01
-6.787833333335584030e+00 4.635643678162159631e+01 -1.180719770114992571e+02
-3.052500000008876668e+00 1.131120689654926537e+01 -1.052128333333330374e+02
4.635643678162159631e+01 -1.180719770114992571e+02 5.564000000005762558e+00
1.131120689654926537e+01 -1.052128333333330374e+02 -7.917783333333318296e+01
-1.180719770114992571e+02 5.564000000005762558e+00 -8.633833333333859628e+01
-1.052128333333330374e+02 -7.917783333333318296e+01 1.698816666667516984e+01
5.564000000005762558e+00 -8.633833333333859628e+01 5.112016666665840603e+01
-7.917783333333318296e+01 1.698816666667516984e+01 6.456600000000071304e+01
-8.633833333333859628e+01 5.112016666665840603e+01 1.557899999999608553e+01
1.698816666667516984e+01 6.456600000000071304e+01 -8.694999999934225343e-01
5.112016666665840603e+01 1.557899999999608553e+01 -2.104100000000107684e+01
6.456600000000071304e+01 -8.694999999934225343e-01 3.297216666666827223e+01
1.557899999999608553e+01 -2.104100000000107684e+01 1.237371666666622332e+02
-8.694999999934225343e-01 3.297216666666827223e+01 -1.753183333333072369e+01
-2.104100000000107684e+01 1.237371666666622332e+02 -1.456029378531457041e+01
3.297216666666827223e+01 -1.753183333333072369e+01 -2.528487288135875133e+01
1.237371666666622332e+02 -1.456029378531457041e+01 -8.210616666666282981e+01
-1.753183333333072369e+01 -2.528487288135875133e+01 4.844366666666792298e+01
-1.456029378531457041e+01 -8.210616666666282981e+01 7.476666666665551020e+00
-2.528487288135875133e+01 4.844366666666792298e+01 -1.491136666666643578e+02
-8.210616666666282981e+01 7.476666666665551020e+00 -3.404116666666232049e+01
4.844366666666792298e+01 -1.491136666666643578e+02 3.280266666666466335e+01
