OFF
1458 0 0
# x1 x2 x3
31.597344 6.789643 59.554679
6.789643 59.554679 -39.805317
59.554679 -39.805317 -108.629357
-39.805317 -108.629357 -61.997444
-108.629357 -61.997444 45.838545
-61.997444 45.838545 -21.386093
45.838545 -21.386093 9.442101
-21.386093 9.442101 -63.465892
9.442101 -63.465892 -56.575835
-63.465892 -56.575835 24.312050
-56.575835 24.312050 20.281270
24.312050 20.281270 -10.581444
20.281270 -10.581444 10.890552
-10.581444 10.890552 48.889452
10.890552 48.889452 8.029735
48.889452 8.029735 8.492749
8.029735 8.492749 2.010549
8.492749 2.010549 22.027908
2.010549 22.027908 3.653012
22.027908 3.653012 -0.878367
3.653012 -0.878367 -13.608247
-0.878367 -13.608247 -12.382900
-13.608247 -12.382900 12.055778
-12.382900 12.055778 11.103759
12.055778 11.103759 0.812275
11.103759 0.812275 -1.644742
0.812275 -1.644742 0.737121
-1.644742 0.737121 24.515240
0.737121 24.515240 29.286798
24.515240 29.286798 22.325011
29.286798 22.325011 18.325624
22.325011 18.325624 7.348408
18.325624 7.348408 -0.667592
7.348408 -0.667592 3.061230
-0.667592 3.061230 20.777115
3.061230 20.777115 11.222823
20.777115 11.222823 -32.409353
11.222823 -32.409353 -43.121049
-32.409353 -43.121049 29.670061
-43.121049 29.670061 -4.544294
29.670061 -4.544294 -5.144890
-4.544294 -5.144890 8.469941
-5.144890 8.469941 2.991538
8.469941 2.991538 17.949133
2.991538 17.949133 20.001842
17.949133 20.001842 14.161830
20.001842 14.161830 -8.814757
14.161830 -8.814757 5.483670
-8.814757 5.483670 44.046316
5.483670 44.046316 21.312573
44.046316 21.312573 25.166513
21.312573 25.166513 36.449690
25.166513 36.449690 -18.816343
36.449690 -18.816343 -0.423749
-18.816343 -0.423749 20.510243
-0.423749 20.510243 6.089730
20.510243 6.089730 15.037874
6.089730 15.037874 33.639590
15.037874 33.639590 31.834007
33.639590 31.834007 -5.233891
31.834007 -5.233891 -9.226038
-5.233891 -9.226038 16.317625
-9.226038 16.317625 -22.801211
16.317625 -22.801211 -56.166695
-22.801211 -56.166695 -17.581247
-56.166695 -17.581247 24.238590
-17.581247 24.238590 -35.297282
24.238590 -35.297282 31.202155
-35.297282 31.202155 36.091733
31.202155 36.091733 10.203875
36.091733 10.203875 6.991108
10.203875 6.991108 -32.956093
6.991108 -32.956093 -88.334459
-32.956093 -88.334459 -97.553536
-88.334459 -97.553536 -22.862966
-97.553536 -22.862966 24.792557
-22.862966 24.792557 49.814273
24.792557 49.814273 -32.773054
49.814273 -32.773054 -15.583404
-32.773054 -15.583404 -46.743252
-15.583404 -46.743252 -62.968297
-46.743252 -62.968297 39.272766
-62.968297 39.272766 36.424704
39.272766 36.424704 42.117104
36.424704 42.117104 -11.178439
42.117104 -11.178439 0.107158
-11.178439 0.107158 18.469089
0.107158 18.469089 25.917314
18.469089 25.917314 3.016460
25.917314 3.016460 46.189131
3.016460 46.189131 15.404522
46.189131 15.404522 -12.534669
15.404522 -12.534669 37.898469
-12.534669 37.898469 21.890003
37.898469 21.890003 -1.860316
21.890003 -1.860316 7.612658
-1.860316 7.612658 12.775954
7.612658 12.775954 5.499427
12.775954 5.499427 3.516221
5.499427 3.516221 -30.463275
3.516221 -30.463275 -14.499280
-30.463275 -14.499280 6.296099
-14.499280 6.296099 -9.628103
6.296099 -9.628103 4.778918
-9.628103 4.778918 27.561693
4.778918 27.561693 -0.051105
27.561693 -0.051105 19.999873
-0.051105 19.999873 20.430573
19.999873 20.430573 -4.730972
20.430573 -4.730972 -0.686742
-4.730972 -0.686742 8.130600
-0.686742 8.130600 21.173190
8.130600 21.173190 24.167112
21.173190 24.167112 24.089424
24.167112 24.089424 10.469420
24.089424 10.469420 5.914070
10.469420 5.914070 1.540984
5.914070 1.540984 45.964873
1.540984 45.964873 56.766677
45.964873 56.766677 38.210680
56.766677 38.210680 67.898246
38.210680 67.898246 16.734387
67.898246 16.734387 -16.257481
16.734387 -16.257481 1.151628
-16.257481 1.151628 46.386069
1.151628 46.386069 116.670118
46.386069 116.670118 41.793321
116.670118 41.793321 80.711225
41.793321 80.711225 -58.103057
80.711225 -58.103057 -65.254375
-58.103057 -65.254375 77.754551
-65.254375 77.754551 -49.796217
77.754551 -49.796217 -22.645733
-49.796217 -22.645733 65.399394
-22.645733 65.399394 50.609190
65.399394 50.609190 100.651990
50.609190 100.651990 47.745439
100.651990 47.745439 48.316128
47.745439 48.316128 88.643514
48.316128 88.643514 82.003236
88.643514 82.003236 174.441407
82.003236 174.441407 188.163247
174.441407 188.163247 -170.892367
188.163247 -170.892367 -288.389422
-170.892367 -288.389422 92.711136
-288.389422 92.711136 51.774720
92.711136 51.774720 32.868142
51.774720 32.868142 -19.900427
32.868142 -19.900427 136.186080
-19.900427 136.186080 39.518670
136.186080 39.518670 89.284484
39.518670 89.284484 6.237965
89.284484 6.237965 77.292039
6.237965 77.292039 232.887341
77.292039 232.887341 -20.402041
232.887341 -20.402041 -61.262209
-20.402041 -61.262209 70.642326
-61.262209 70.642326 30.907538
70.642326 30.907538 52.246581
30.907538 52.246581 -108.607211
52.246581 -108.607211 -82.687473
-108.607211 -82.687473 -64.432497
-82.687473 -64.432497 -295.417808
-64.432497 -295.417808 95.414402
-295.417808 95.414402 105.213014
95.414402 105.213014 7.603986
105.213014 7.603986 -6.030589
7.603986 -6.030589 103.364265
-6.030589 103.364265 50.296816
103.364265 50.296816 -30.865855
50.296816 -30.865855 37.026696
-30.865855 37.026696 -64.600187
37.026696 -64.600187 -95.430977
-64.600187 -95.430977 -94.651755
-95.430977 -94.651755 -56.345480
-94.651755 -56.345480 126.963478
-56.345480 126.963478 24.613382
126.963478 24.613382 -34.889688
24.613382 -34.889688 -62.268236
-34.889688 -62.268236 -16.058211
-62.268236 -16.058211 79.473870
-16.058211 79.473870 71.891122
79.473870 71.891122 -26.947777
71.891122 -26.947777 23.767404
-26.947777 23.767404 -51.799191
23.767404 -51.799191 -26.122329
-51.799191 -26.122329 23.140303
-26.122329 23.140303 -87.594533
23.140303 -87.594533 -111.587913
-87.594533 -111.587913 4.693084
-111.587913 4.693084 26.150374
4.693084 26.150374 -92.910453
26.150374 -92.910453 -204.873639
-92.910453 -204.873639 -133.744733
-204.873639 -133.744733 118.337582
-133.744733 118.337582 223.534504
118.337582 223.534504 30.634425
223.534504 30.634425 186.329375
30.634425 186.329375 221.225512
186.329375 221.225512 63.579981
221.225512 63.579981 -16.497695
63.579981 -16.497695 -12.424390
-16.497695 -12.424390 -134.286614
-12.424390 -134.286614 -120.533988
-134.286614 -120.533988 71.063662
-120.533988 71.063662 167.995317
71.063662 167.995317 -20.696239
167.995317 -20.696239 -42.081155
-20.696239 -42.081155 86.626979
-42.081155 86.626979 4.282475
86.626979 4.282475 -52.230012
4.282475 -52.230012 30.180248
-52.230012 30.180248 84.872849
30.180248 84.872849 330.934574
84.872849 330.934574 76.582744
330.934574 76.582744 74.527883
76.582744 74.527883 105.152161
74.527883 105.152161 -75.574445
105.152161 -75.574445 52.425286
-75.574445 52.425286 111.344872
52.425286 111.344872 256.328977
111.344872 256.328977 262.733297
256.328977 262.733297 147.710830
262.733297 147.710830 -3.777899
147.710830 -3.777899 0.455648
-3.777899 0.455648 178.758896
0.455648 178.758896 -118.697852
178.758896 -118.697852 -173.705048
-118.697852 -173.705048 5.885169
-173.705048 5.885169 -38.604612
5.885169 -38.604612 -99.388348
-38.604612 -99.388348 220.069719
-99.388348 220.069719 38.681119
220.069719 38.681119 176.057867
38.681119 176.057867 -45.776116
176.057867 -45.776116 29.516198
-45.776116 29.516198 -35.646142
29.516198 -35.646142 160.238870
-35.646142 160.238870 110.554892
160.238870 110.554892 94.681265
110.554892 94.681265 131.603254
94.681265 131.603254 -119.756148
131.603254 -119.756148 -106.408242
-119.756148 -106.408242 -213.856019
-106.408242 -213.856019 -109.590142
-213.856019 -109.590142 276.418374
-109.590142 276.418374 55.747091
276.418374 55.747091 -106.170276
55.747091 -106.170276 -186.078452
-106.170276 -186.078452 -112.876060
-186.078452 -112.876060 30.844642
-112.876060 30.844642 42.763443
30.844642 42.763443 -320.021431
42.763443 -320.021431 -310.380056
-320.021431 -310.380056 -213.369093
-310.380056 -213.369093 287.151402
-213.369093 287.151402 -61.864398
287.151402 -61.864398 306.485308
-61.864398 306.485308 21.776309
306.485308 21.776309 -25.187117
21.776309 -25.187117 -148.348339
-25.187117 -148.348339 -163.066978
-148.348339 -163.066978 89.550169
-163.066978 89.550169 -20.432672
89.550169 -20.432672 126.882208
-20.432672 126.882208 92.602009
126.882208 92.602009 122.557657
92.602009 122.557657 151.208110
122.557657 151.208110 -43.626481
151.208110 -43.626481 126.779280
-43.626481 126.779280 18.966286
126.779280 18.966286 105.118234
18.966286 105.118234 -85.599547
105.118234 -85.599547 -62.025976
-85.599547 -62.025976 8.764316
-62.025976 8.764316 103.026328
8.764316 103.026328 -8.357323
103.026328 -8.357323 146.414791
-8.357323 146.414791 146.428729
146.414791 146.428729 167.570620
146.428729 167.570620 -24.020867
167.570620 -24.020867 328.945810
-24.020867 328.945810 501.397744
328.945810 501.397744 48.867636
501.397744 48.867636 -58.556127
48.867636 -58.556127 65.008785
-58.556127 65.008785 -48.836594
65.008785 -48.836594 -222.834455
-48.836594 -222.834455 252.112769
-222.834455 252.112769 136.125783
252.112769 136.125783 283.620869
136.125783 283.620869 -163.549488
283.620869 -163.549488 -43.062466
-163.549488 -43.062466 -207.753142
-43.062466 -207.753142 -111.568819
-207.753142 -111.568819 279.660878
-111.568819 279.660878 -6.324802
279.660878 -6.324802 -72.718369
-6.324802 -72.718369 142.602239
-72.718369 142.602239 231.281648
142.602239 231.281648 119.484794
231.281648 119.484794 261.453937
119.484794 261.453937 449.458575
261.453937 449.458575 287.890718
449.458575 287.890718 18.395379
287.890718 18.395379 200.052797
18.395379 200.052797 -231.054248
200.052797 -231.054248 -125.202018
-231.054248 -125.202018 283.662788
-125.202018 283.662788 -142.211414
283.662788 -142.211414 -284.067374
-142.211414 -284.067374 -405.502876
-284.067374 -405.502876 -441.050460
-405.502876 -441.050460 233.708826
-441.050460 233.708826 242.918982
233.708826 242.918982 456.907014
242.918982 456.907014 415.130799
456.907014 415.130799 364.865391
415.130799 364.865391 -130.538370
364.865391 -130.538370 130.942859
-130.538370 130.942859 263.272062
130.942859 263.272062 66.771398
263.272062 66.771398 37.451061
66.771398 37.451061 -19.910409
37.451061 -19.910409 -6.958084
-19.910409 -6.958084 263.973351
-6.958084 263.973351 540.382476
263.973351 540.382476 584.190807
540.382476 584.190807 276.319844
584.190807 276.319844 585.059672
276.319844 585.059672 -529.285891
585.059672 -529.285891 306.260645
-529.285891 306.260645 743.171300
306.260645 743.171300 354.185474
743.171300 354.185474 54.009758
354.185474 54.009758 309.090105
54.009758 309.090105 924.907634
309.090105 924.907634 2197.673951
924.907634 2197.673951 654.661458
2197.673951 654.661458 -626.068639
654.661458 -626.068639 -672.135444
-626.068639 -672.135444 2067.835333
-672.135444 2067.835333 528.909319
2067.835333 528.909319 -191.082131
528.909319 -191.082131 -199.723103
-191.082131 -199.723103 1023.232734
-199.723103 1023.232734 815.397955
1023.232734 815.397955 1011.105733
815.397955 1011.105733 -470.327132
1011.105733 -470.327132 -399.016676
-470.327132 -399.016676 -1486.475449
-399.016676 -1486.475449 -613.096389
-1486.475449 -613.096389 -2463.341077
-613.096389 -2463.341077 1010.472126
-2463.341077 1010.472126 -1112.470000
1010.472126 -1112.470000 310.127681
-1112.470000 310.127681 1277.401548
310.127681 1277.401548 337.829437
1277.401548 337.829437 -1332.812653
337.829437 -1332.812653 286.342882
-1332.812653 286.342882 -1322.115062
286.342882 -1322.115062 126.361326
-1322.115062 126.361326 84.777460
126.361326 84.777460 455.360241
84.777460 455.360241 1084.340444
455.360241 1084.340444 -144.919021
1084.340444 -144.919021 973.672187
-144.919021 973.672187 874.470444
973.672187 874.470444 -149.908854
874.470444 -149.908854 -1216.264944
-149.908854 -1216.264944 -432.547951
-1216.264944 -432.547951 -673.512792
-432.547951 -673.512792 -497.497343
-673.512792 -497.497343 -37.897745
-497.497343 -37.897745 565.652130
-37.897745 565.652130 -546.500936
565.652130 -546.500936 142.832582
-546.500936 142.832582 -1656.657944
142.832582 -1656.657944 -1484.387493
-1656.657944 -1484.387493 815.515076
-1484.387493 815.515076 17.789681
815.515076 17.789681 959.029203
17.789681 959.029203 -577.395696
959.029203 -577.395696 -764.927488
-577.395696 -764.927488 -405.550337
-764.927488 -405.550337 284.281079
-405.550337 284.281079 291.696294
284.281079 291.696294 -290.871281
291.696294 -290.871281 229.237880
-290.871281 229.237880 434.987028
229.237880 434.987028 -389.925448
434.987028 -389.925448 -657.780422
-389.925448 -657.780422 -639.315130
-657.780422 -639.315130 -490.521290
-639.315130 -490.521290 -937.977731
-490.521290 -937.977731 353.763674
-937.977731 353.763674 -192.328532
353.763674 -192.328532 -1108.215260
-192.328532 -1108.215260 -783.260951
-1108.215260 -783.260951 1085.768375
-783.260951 1085.768375 302.803316
1085.768375 302.803316 44.474008
302.803316 44.474008 395.175136
44.474008 395.175136 -468.337162
395.175136 -468.337162 436.635911
-468.337162 436.635911 -15.480972
436.635911 -15.480972 416.475385
-15.480972 416.475385 777.063100
416.475385 777.063100 222.984644
777.063100 222.984644 651.787425
222.984644 651.787425 59.547256
651.787425 59.547256 130.909454
59.547256 130.909454 630.003654
130.909454 630.003654 -706.569530
630.003654 -706.569530 -519.689677
-706.569530 -519.689677 -258.838466
-519.689677 -258.838466 -82.473892
-258.838466 -82.473892 -335.182896
-82.473892 -335.182896 315.464408
-335.182896 315.464408 641.940499
315.464408 641.940499 67.220707
641.940499 67.220707 30.450672
67.220707 30.450672 330.170587
30.450672 330.170587 363.583243
330.170587 363.583243 -102.424901
363.583243 -102.424901 279.079270
-102.424901 279.079270 -501.091841
279.079270 -501.091841 -620.471097
-501.091841 -620.471097 -694.047165
-620.471097 -694.047165 -797.490346
-694.047165 -797.490346 329.031696
-797.490346 329.031696 -177.524782
329.031696 -177.524782 375.974131
-177.524782 375.974131 -279.523048
375.974131 -279.523048 -388.103375
-279.523048 -388.103375 -656.472026
-388.103375 -656.472026 204.337091
-656.472026 204.337091 -238.456390
204.337091 -238.456390 -397.957026
-238.456390 -397.957026 676.120480
-397.957026 676.120480 267.894424
676.120480 267.894424 359.928852
267.894424 359.928852 -191.261766
359.928852 -191.261766 -261.772188
-191.261766 -261.772188 327.023061
-261.772188 327.023061 -321.809779
327.023061 -321.809779 -328.706357
-321.809779 -328.706357 -241.013319
-328.706357 -241.013319 -48.623163
-241.013319 -48.623163 -398.542578
-48.623163 -398.542578 -630.268198
-398.542578 -630.268198 117.554322
-630.268198 117.554322 -208.832409
117.554322 -208.832409 181.083272
-208.832409 181.083272 347.322294
181.083272 347.322294 -247.592660
347.322294 -247.592660 -319.638939
-247.592660 -319.638939 -108.386623
-319.638939 -108.386623 242.707158
-108.386623 242.707158 95.943624
242.707158 95.943624 -97.202395
95.943624 -97.202395 -111.938098
-97.202395 -111.938098 100.785817
-111.938098 100.785817 456.725998
100.785817 456.725998 655.982236
456.725998 655.982236 18.284245
655.982236 18.284245 204.549406
18.284245 204.549406 -135.503797
204.549406 -135.503797 -43.386687
-135.503797 -43.386687 20.679375
-43.386687 20.679375 155.929856
20.679375 155.929856 232.392755
155.929856 232.392755 354.642708
232.392755 354.642708 88.090958
354.642708 88.090958 7.242322
88.090958 7.242322 418.907533
7.242322 418.907533 -93.478764
418.907533 -93.478764 -337.830062
-93.478764 -337.830062 333.810549
-337.830062 333.810549 23.552125
333.810549 23.552125 115.612865
23.552125 115.612865 -65.569796
115.612865 -65.569796 -302.020347
-65.569796 -302.020347 124.094924
-302.020347 124.094924 266.966048
124.094924 266.966048 276.851563
266.966048 276.851563 172.742778
276.851563 172.742778 -213.097477
172.742778 -213.097477 -272.053003
-213.097477 -272.053003 -83.309604
-272.053003 -83.309604 -67.601028
-83.309604 -67.601028 72.562003
-67.601028 72.562003 -564.195468
72.562003 -564.195468 -278.212838
-564.195468 -278.212838 127.091661
-278.212838 127.091661 29.798441
127.091661 29.798441 61.863277
29.798441 61.863277 -359.403752
61.863277 -359.403752 -4.690225
-359.403752 -4.690225 -171.332814
-4.690225 -171.332814 148.000386
-171.332814 148.000386 107.360194
148.000386 107.360194 93.102933
107.360194 93.102933 -221.877904
93.102933 -221.877904 -448.680389
-221.877904 -448.680389 -246.048511
-448.680389 -246.048511 -51.884071
-246.048511 -51.884071 2.867731
-51.884071 2.867731 -172.495002
2.867731 -172.495002 -61.553593
-172.495002 -61.553593 38.431447
-61.553593 38.431447 138.597687
38.431447 138.597687 67.626278
138.597687 67.626278 -18.823041
67.626278 -18.823041 116.121018
-18.823041 116.121018 93.499379
116.121018 93.499379 -115.144605
93.499379 -115.144605 -84.020885
-115.144605 -84.020885 114.725699
-84.020885 114.725699 86.148409
114.725699 86.148409 -63.215116
86.148409 -63.215116 1.055255
-63.215116 1.055255 -496.875038
1.055255 -496.875038 -372.873725
-496.875038 -372.873725 -6.693870
-372.873725 -6.693870 -311.003126
-6.693870 -311.003126 59.789135
-311.003126 59.789135 48.212123
59.789135 48.212123 -89.640684
48.212123 -89.640684 47.745848
-89.640684 47.745848 14.109498
47.745848 14.109498 194.933684
14.109498 194.933684 -37.917115
194.933684 -37.917115 56.566715
-37.917115 56.566715 -377.630000
56.566715 -377.630000 -223.172531
-377.630000 -223.172531 -111.577346
-223.172531 -111.577346 179.003187
-111.577346 179.003187 -1.515741
179.003187 -1.515741 -105.881934
-1.515741 -105.881934 -14.169653
-105.881934 -14.169653 -178.055158
-14.169653 -178.055158 459.810263
-178.055158 459.810263 -13.312700
459.810263 -13.312700 102.834576
-13.312700 102.834576 143.612736
102.834576 143.612736 -25.663718
143.612736 -25.663718 10.148817
-25.663718 10.148817 -39.391628
10.148817 -39.391628 32.218994
-39.391628 32.218994 164.941030
32.218994 164.941030 -33.284660
164.941030 -33.284660 -225.493825
-33.284660 -225.493825 -125.849892
-225.493825 -125.849892 -135.245740
-125.849892 -135.245740 17.633599
-135.245740 17.633599 -0.912247
17.633599 -0.912247 82.443601
-0.912247 82.443601 202.919351
82.443601 202.919351 356.494573
202.919351 356.494573 524.991674
356.494573 524.991674 -12.597889
524.991674 -12.597889 30.382976
-12.597889 30.382976 -73.772532
30.382976 -73.772532 101.317296
-73.772532 101.317296 231.743192
101.317296 231.743192 391.706305
231.743192 391.706305 181.904374
391.706305 181.904374 -57.084210
181.904374 -57.084210 -175.050752
-57.084210 -175.050752 158.612428
-175.050752 158.612428 22.796380
158.612428 22.796380 -69.057577
22.796380 -69.057577 -218.634452
-69.057577 -218.634452 -344.992982
-218.634452 -344.992982 20.218917
-344.992982 20.218917 -196.154425
20.218917 -196.154425 -146.512477
-196.154425 -146.512477 -251.869323
-146.512477 -251.869323 -7.600027
-251.869323 -7.600027 -1.561161
-7.600027 -1.561161 -541.781407
-1.561161 -541.781407 -50.416523
-541.781407 -50.416523 0.447505
-50.416523 0.447505 -210.318181
0.447505 -210.318181 120.935562
-210.318181 120.935562 39.774439
120.935562 39.774439 -289.217997
39.774439 -289.217997 314.011711
-289.217997 314.011711 -24.736557
314.011711 -24.736557 121.234988
-24.736557 121.234988 -23.380770
121.234988 -23.380770 -41.509064
-23.380770 -41.509064 42.288697
-41.509064 42.288697 -44.173058
42.288697 -44.173058 179.264691
-44.173058 179.264691 -145.339363
179.264691 -145.339363 118.960773
-145.339363 118.960773 161.476600
118.960773 161.476600 -43.878623
161.476600 -43.878623 43.254900
-43.878623 43.254900 274.788823
43.254900 274.788823 61.007978
274.788823 61.007978 -122.856420
61.007978 -122.856420 53.170572
-122.856420 53.170572 131.847597
53.170572 131.847597 129.524989
131.847597 129.524989 19.588357
129.524989 19.588357 62.466072
19.588357 62.466072 -210.535464
62.466072 -210.535464 -690.840828
-210.535464 -690.840828 21.813203
-690.840828 21.813203 -94.213228
21.813203 -94.213228 -53.104578
-94.213228 -53.104578 -8.610820
-53.104578 -8.610820 2.268921
-8.610820 2.268921 -21.858449
2.268921 -21.858449 173.756153
-21.858449 173.756153 58.514048
173.756153 58.514048 20.358036
58.514048 20.358036 -38.414669
20.358036 -38.414669 -94.585027
-38.414669 -94.585027 -90.181956
-94.585027 -90.181956 39.059803
-90.181956 39.059803 75.974832
39.059803 75.974832 246.877415
75.974832 246.877415 46.440394
246.877415 46.440394 2.002767
46.440394 2.002767 -73.216814
2.002767 -73.216814 -221.819965
-73.216814 -221.819965 50.370169
-221.819965 50.370169 58.878636
50.370169 58.878636 144.125531
58.878636 144.125531 -126.131527
144.125531 -126.131527 38.403008
-126.131527 38.403008 -4.059550
38.403008 -4.059550 -33.764206
-4.059550 -33.764206 -93.046163
-33.764206 -93.046163 99.755948
-93.046163 99.755948 -2.523980
99.755948 -2.523980 11.335589
-2.523980 11.335589 -22.456256
11.335589 -22.456256 54.684676
-22.456256 54.684676 -1.150718
54.684676 -1.150718 -71.662546
-1.150718 -71.662546 -301.987025
-71.662546 -301.987025 -12.068081
-301.987025 -12.068081 -5.576240
-12.068081 -5.576240 30.393805
-5.576240 30.393805 149.767401
30.393805 149.767401 61.982660
149.767401 61.982660 0.497362
61.982660 0.497362 -12.546037
0.497362 -12.546037 -40.311819
-12.546037 -40.311819 11.833376
-40.311819 11.833376 36.769969
11.833376 36.769969 -29.161411
36.769969 -29.161411 -9.747487
-29.161411 -9.747487 30.243697
-9.747487 30.243697 -24.805071
30.243697 -24.805071 0.349845
-24.805071 0.349845 5.229891
0.349845 5.229891 -3.927724
5.229891 -3.927724 -77.078554
-3.927724 -77.078554 -60.961054
-77.078554 -60.961054 13.700611
-60.961054 13.700611 33.794375
13.700611 33.794375 39.913322
33.794375 39.913322 -18.600742
39.913322 -18.600742 36.689631
-18.600742 36.689631 34.485761
36.689631 34.485761 9.099071
34.485761 9.099071 93.588816
9.099071 93.588816 -58.430083
93.588816 -58.430083 -83.295688
-58.430083 -83.295688 -10.505762
-83.295688 -10.505762 -17.069421
-10.505762 -17.069421 12.738808
-17.069421 12.738808 -60.559869
12.738808 -60.559869 -283.280729
-60.559869 -283.280729 -511.952410
-283.280729 -511.952410 36.070989
-511.952410 36.070989 -45.632910
36.070989 -45.632910 49.777091
-45.632910 49.777091 -334.717348
49.777091 -334.717348 -670.325301
-334.717348 -670.325301 -82.464062
-670.325301 -82.464062 20.055594
-82.464062 20.055594 -219.087852
20.055594 -219.087852 -51.076981
-219.087852 -51.076981 -439.942705
-51.076981 -439.942705 93.783245
-439.942705 93.783245 -148.060434
93.783245 -148.060434 354.560965
-148.060434 354.560965 167.541358
354.560965 167.541358 -150.415422
167.541358 -150.415422 7.273051
-150.415422 7.273051 38.694145
7.273051 38.694145 -196.308020
38.694145 -196.308020 -19.566418
-196.308020 -19.566418 -102.351521
-19.566418 -102.351521 -107.973111
-102.351521 -107.973111 -334.306698
-107.973111 -334.306698 25.196272
-334.306698 25.196272 86.445234
25.196272 86.445234 -3.703660
86.445234 -3.703660 -103.421007
-3.703660 -103.421007 33.888806
-103.421007 33.888806 -37.706214
33.888806 -37.706214 -127.892095
-37.706214 -127.892095 -53.728960
-127.892095 -53.728960 38.282765
-53.728960 38.282765 120.686835
38.282765 120.686835 170.558070
120.686835 170.558070 239.848107
170.558070 239.848107 175.066720
239.848107 175.066720 48.797490
175.066720 48.797490 -120.550468
48.797490 -120.550468 126.377659
-120.550468 126.377659 148.237061
126.377659 148.237061 -353.130204
148.237061 -353.130204 5.602291
-353.130204 5.602291 -61.402014
5.602291 -61.402014 -15.714717
-61.402014 -15.714717 171.396982
-15.714717 171.396982 -85.165822
171.396982 -85.165822 -31.310416
-85.165822 -31.310416 -56.001568
-31.310416 -56.001568 123.734827
-56.001568 123.734827 4.844739
123.734827 4.844739 -44.822379
4.844739 -44.822379 49.787866
-44.822379 49.787866 51.188176
49.787866 51.188176 137.008199
51.188176 137.008199 -15.528328
137.008199 -15.528328 3.506276
-15.528328 3.506276 -218.417383
3.506276 -218.417383 -155.312939
-218.417383 -155.312939 -10.338131
-155.312939 -10.338131 -50.944895
-10.338131 -50.944895 7.276261
-50.944895 7.276261 57.652431
7.276261 57.652431 -36.844538
57.652431 -36.844538 -0.402656
-36.844538 -0.402656 11.969241
-0.402656 11.969241 60.974971
11.969241 60.974971 -75.452034
60.974971 -75.452034 -64.686964
-75.452034 -64.686964 16.088647
-64.686964 16.088647 16.903498
16.088647 16.903498 -14.527906
16.903498 -14.527906 2.079944
-14.527906 2.079944 15.338604
2.079944 15.338604 -27.100376
15.338604 -27.100376 -107.709405
-27.100376 -107.709405 -39.103144
-107.709405 -39.103144 26.164815
-39.103144 26.164815 0.260343
26.164815 0.260343 -7.741097
0.260343 -7.741097 15.509947
-7.741097 15.509947 -7.210887
15.509947 -7.210887 -10.904568
-7.210887 -10.904568 5.348726
-10.904568 5.348726 -48.114260
5.348726 -48.114260 -5.048243
-48.114260 -5.048243 89.676056
-5.048243 89.676056 159.047288
89.676056 159.047288 -7.005159
159.047288 -7.005159 -12.706341
-7.005159 -12.706341 -17.294532
-12.706341 -17.294532 4.120551
-17.294532 4.120551 -13.177283
4.120551 -13.177283 1.597118
-13.177283 1.597118 17.321607
1.597118 17.321607 -2.440894
17.321607 -2.440894 171.367214
-2.440894 171.367214 144.096908
171.367214 144.096908 10.207193
144.096908 10.207193 -4.432641
10.207193 -4.432641 19.193130
-4.432641 19.193130 59.345820
19.193130 59.345820 0.077293
59.345820 0.077293 -191.885472
0.077293 -191.885472 6.301675
-191.885472 6.301675 -4.565507
6.301675 -4.565507 15.457557
-4.565507 15.457557 3.095909
15.457557 3.095909 -8.580442
3.095909 -8.580442 -3.926950
-8.580442 -3.926950 -77.550230
-3.926950 -77.550230 45.684287
-77.550230 45.684287 70.229360
45.684287 70.229360 21.913600
70.229360 21.913600 10.646956
21.913600 10.646956 19.296945
10.646956 19.296945 1.401464
19.296945 1.401464 -29.787832
1.401464 -29.787832 -15.602442
-29.787832 -15.602442 5.644620
-15.602442 5.644620 -2.740866
5.644620 -2.740866 28.285538
-2.740866 28.285538 100.124742
28.285538 100.124742 -15.184288
100.124742 -15.184288 5.540444
-15.184288 5.540444 8.029026
5.540444 8.029026 18.990872
8.029026 18.990872 9.223120
18.990872 9.223120 -23.448154
9.223120 -23.448154 -1.371239
-23.448154 -1.371239 -11.843458
-1.371239 -11.843458 -19.405113
-11.843458 -19.405113 -40.901304
-19.405113 -40.901304 85.844069
-40.901304 85.844069 15.042847
85.844069 15.042847 48.874403
15.042847 48.874403 25.908412
48.874403 25.908412 4.502330
25.908412 4.502330 37.163905
4.502330 37.163905 523.889701
37.163905 523.889701 389.056084
523.889701 389.056084 -66.924651
389.056084 -66.924651 9.188839
-66.924651 9.188839 63.334638
9.188839 63.334638 84.518558
63.334638 84.518558 112.752650
84.518558 112.752650 -20.103273
112.752650 -20.103273 49.632383
-20.103273 49.632383 -141.027865
49.632383 -141.027865 -82.304713
-141.027865 -82.304713 37.007239
-82.304713 37.007239 -5.555436
37.007239 -5.555436 42.289486
-5.555436 42.289486 -22.238302
42.289486 -22.238302 119.575686
-22.238302 119.575686 45.254718
119.575686 45.254718 -4.654896
45.254718 -4.654896 54.057963
-4.654896 54.057963 -26.019096
54.057963 -26.019096 30.551344
-26.019096 30.551344 215.235725
30.551344 215.235725 -45.284166
215.235725 -45.284166 -64.947698
-45.284166 -64.947698 -273.171892
-64.947698 -273.171892 15.376428
-273.171892 15.376428 4.623144
15.376428 4.623144 -15.290983
4.623144 -15.290983 45.489374
-15.290983 45.489374 103.685412
45.489374 103.685412 57.853222
103.685412 57.853222 256.894743
57.853222 256.894743 75.960208
256.894743 75.960208 27.193800
75.960208 27.193800 -65.193847
27.193800 -65.193847 207.304905
-65.193847 207.304905 -19.540290
207.304905 -19.540290 203.275480
-19.540290 203.275480 243.322812
203.275480 243.322812 516.229319
243.322812 516.229319 348.770319
516.229319 348.770319 254.394457
348.770319 254.394457 583.083724
254.394457 583.083724 61.647757
583.083724 61.647757 -61.130156
61.647757 -61.130156 -730.477803
-61.130156 -730.477803 63.358241
-730.477803 63.358241 607.893585
63.358241 607.893585 -27.663015
607.893585 -27.663015 46.227167
-27.663015 46.227167 -62.142949
46.227167 -62.142949 -187.381300
-62.142949 -187.381300 280.333848
-187.381300 280.333848 61.433696
280.333848 61.433696 81.217677
61.433696 81.217677 656.053078
81.217677 656.053078 -56.469237
656.053078 -56.469237 -79.565846
-56.469237 -79.565846 -14.804285
-79.565846 -14.804285 -281.399646
-14.804285 -281.399646 191.762486
-281.399646 191.762486 126.009282
191.762486 126.009282 -137.085559
126.009282 -137.085559 -680.935705
-137.085559 -680.935705 -78.109323
-680.935705 -78.109323 -20.767222
-78.109323 -20.767222 187.808766
-20.767222 187.808766 2.191145
187.808766 2.191145 -142.149766
2.191145 -142.149766 21.183604
-142.149766 21.183604 76.928630
21.183604 76.928630 139.709404
76.928630 139.709404 133.185703
139.709404 133.185703 183.827335
133.185703 183.827335 374.173755
183.827335 374.173755 368.010710
374.173755 368.010710 140.620815
368.010710 140.620815 -83.368459
140.620815 -83.368459 -5.034454
-83.368459 -5.034454 205.261800
-5.034454 205.261800 448.939374
205.261800 448.939374 923.151160
448.939374 923.151160 21.630893
923.151160 21.630893 97.634127
21.630893 97.634127 469.521229
97.634127 469.521229 1329.165056
469.521229 1329.165056 -839.594806
1329.165056 -839.594806 -125.742086
-839.594806 -125.742086 172.618214
-125.742086 172.618214 -310.823163
172.618214 -310.823163 -852.192090
-310.823163 -852.192090 -382.725569
-852.192090 -382.725569 1040.797882
-382.725569 1040.797882 414.134750
1040.797882 414.134750 -619.001228
414.134750 -619.001228 274.936772
-619.001228 274.936772 -103.897567
274.936772 -103.897567 482.182350
-103.897567 482.182350 719.919782
482.182350 719.919782 135.742023
719.919782 135.742023 -1065.367632
135.742023 -1065.367632 1.185301
-1065.367632 1.185301 -155.979301
1.185301 -155.979301 -571.615148
-155.979301 -571.615148 -438.951435
-571.615148 -438.951435 -63.212779
-438.951435 -63.212779 -778.664179
-63.212779 -778.664179 475.959562
-778.664179 475.959562 419.922653
475.959562 419.922653 207.957137
419.922653 207.957137 -102.592294
207.957137 -102.592294 -127.320872
-102.592294 -127.320872 -379.439450
-127.320872 -379.439450 -368.191539
-379.439450 -368.191539 314.565990
-368.191539 314.565990 -242.874953
314.565990 -242.874953 -46.183777
-242.874953 -46.183777 -243.253120
-46.183777 -243.253120 54.577256
-243.253120 54.577256 0.870706
54.577256 0.870706 317.118096
0.870706 317.118096 227.388578
317.118096 227.388578 390.028156
227.388578 390.028156 309.633342
390.028156 309.633342 35.807986
309.633342 35.807986 854.970616
35.807986 854.970616 82.140744
854.970616 82.140744 -46.004749
82.140744 -46.004749 90.074721
-46.004749 90.074721 18.249836
90.074721 18.249836 -241.024599
18.249836 -241.024599 -200.551806
-241.024599 -200.551806 16.777796
-200.551806 16.777796 -257.424670
16.777796 -257.424670 -698.764680
-257.424670 -698.764680 -427.124775
-698.764680 -427.124775 219.388379
-427.124775 219.388379 65.076575
219.388379 65.076575 -3.855665
65.076575 -3.855665 322.955326
-3.855665 322.955326 135.931099
322.955326 135.931099 -559.776299
135.931099 -559.776299 -148.425248
-559.776299 -148.425248 218.152794
-148.425248 218.152794 -109.096350
218.152794 -109.096350 -54.960774
-109.096350 -54.960774 245.614821
-54.960774 245.614821 -172.335281
245.614821 -172.335281 -130.660212
-172.335281 -130.660212 -522.703132
-130.660212 -522.703132 14.711073
-522.703132 14.711073 57.845111
14.711073 57.845111 33.147285
57.845111 33.147285 324.150960
33.147285 324.150960 572.289216
324.150960 572.289216 41.022476
572.289216 41.022476 0.950085
41.022476 0.950085 95.328430
0.950085 95.328430 -236.011939
95.328430 -236.011939 36.061015
-236.011939 36.061015 -158.820176
36.061015 -158.820176 -80.742370
-158.820176 -80.742370 -157.154954
-80.742370 -157.154954 156.419672
-157.154954 156.419672 95.869586
156.419672 95.869586 25.445596
95.869586 25.445596 -24.836335
25.445596 -24.836335 -63.879274
-24.836335 -63.879274 -34.840562
-63.879274 -34.840562 -22.003945
-34.840562 -22.003945 -204.875667
-22.003945 -204.875667 184.261392
-204.875667 184.261392 -136.605216
184.261392 -136.605216 -59.851322
-136.605216 -59.851322 -101.353860
-59.851322 -101.353860 -453.045771
-101.353860 -453.045771 -973.360747
-453.045771 -973.360747 -198.750810
-973.360747 -198.750810 -212.117322
-198.750810 -212.117322 119.152826
-212.117322 119.152826 -85.325663
119.152826 -85.325663 -0.415766
-85.325663 -0.415766 289.389744
-0.415766 289.389744 -104.530817
289.389744 -104.530817 -12.146048
-104.530817 -12.146048 -97.765845
-12.146048 -97.765845 -38.851928
-97.765845 -38.851928 -127.743183
-38.851928 -127.743183 60.528026
-127.743183 60.528026 169.085919
60.528026 169.085919 129.419963
169.085919 129.419963 221.516292
129.419963 221.516292 -161.875480
221.516292 -161.875480 -64.905093
-161.875480 -64.905093 24.936315
-64.905093 24.936315 -50.826364
24.936315 -50.826364 -44.231167
-50.826364 -44.231167 -199.242302
-44.231167 -199.242302 -31.615373
-199.242302 -31.615373 -69.644267
-31.615373 -69.644267 -3.440664
-69.644267 -3.440664 60.540356
-3.440664 60.540356 202.123901
60.540356 202.123901 -22.575638
202.123901 -22.575638 -462.971502
-22.575638 -462.971502 -286.878464
-462.971502 -286.878464 430.583827
-286.878464 430.583827 1438.861158
430.583827 1438.861158 93.917749
1438.861158 93.917749 62.774750
93.917749 62.774750 -92.216403
62.774750 -92.216403 -190.205829
-92.216403 -190.205829 -20.564570
-190.205829 -20.564570 -17.583522
-20.564570 -17.583522 125.563019
-17.583522 125.563019 -62.753628
125.563019 -62.753628 39.057561
-62.753628 39.057561 86.744248
39.057561 86.744248 -7.173501
86.744248 -7.173501 -97.709657
-7.173501 -97.709657 -258.620117
-97.709657 -258.620117 -168.442225
-258.620117 -168.442225 85.639364
-168.442225 85.639364 -104.068841
85.639364 -104.068841 -59.085191
-104.068841 -59.085191 13.779505
-59.085191 13.779505 -92.281809
13.779505 -92.281809 -115.881517
-92.281809 -115.881517 -69.947743
-115.881517 -69.947743 44.300664
-69.947743 44.300664 -135.410556
44.300664 -135.410556 -263.186362
-135.410556 -263.186362 -17.341939
-263.186362 -17.341939 -250.071012
-17.341939 -250.071012 -505.424124
-250.071012 -505.424124 -100.334120
-505.424124 -100.334120 -96.247530
-100.334120 -96.247530 -183.530047
-96.247530 -183.530047 178.495804
-183.530047 178.495804 111.311633
178.495804 111.311633 270.286006
111.311633 270.286006 89.658838
270.286006 89.658838 41.590436
89.658838 41.590436 -300.315553
41.590436 -300.315553 -43.504827
-300.315553 -43.504827 8.906100
-43.504827 8.906100 -42.315543
8.906100 -42.315543 51.864746
-42.315543 51.864746 76.414097
51.864746 76.414097 127.705881
76.414097 127.705881 -36.712884
127.705881 -36.712884 -34.767625
-36.712884 -34.767625 -160.460068
-34.767625 -160.460068 -89.916152
-160.460068 -89.916152 -38.282547
-89.916152 -38.282547 54.606973
-38.282547 54.606973 -62.943307
54.606973 -62.943307 -74.316115
-62.943307 -74.316115 -56.924394
-74.316115 -56.924394 -242.470744
-56.924394 -242.470744 -19.199158
-242.470744 -19.199158 376.751205
-19.199158 376.751205 3.029878
376.751205 3.029878 -2.372671
3.029878 -2.372671 79.271452
-2.372671 79.271452 276.039945
79.271452 276.039945 -207.358108
276.039945 -207.358108 -85.480150
-207.358108 -85.480150 10.270925
-85.480150 10.270925 -29.360094
10.270925 -29.360094 106.883187
-29.360094 106.883187 46.922743
106.883187 46.922743 -47.458446
46.922743 -47.458446 -99.190257
-47.458446 -99.190257 -3.375680
-99.190257 -3.375680 -123.096360
-3.375680 -123.096360 145.653631
-123.096360 145.653631 103.651610
145.653631 103.651610 108.157029
103.651610 108.157029 103.931845
108.157029 103.931845 395.826303
103.931845 395.826303 305.796295
395.826303 305.796295 -337.005642
305.796295 -337.005642 -10.495542
-337.005642 -10.495542 225.222095
-10.495542 225.222095 -1.843993
225.222095 -1.843993 -8.862694
-1.843993 -8.862694 472.112105
-8.862694 472.112105 168.801174
472.112105 168.801174 -69.973033
168.801174 -69.973033 179.072109
-69.973033 179.072109 38.697099
179.072109 38.697099 -44.203747
38.697099 -44.203747 -202.626948
-44.203747 -202.626948 1.503311
-202.626948 1.503311 19.848936
1.503311 19.848936 -229.800403
19.848936 -229.800403 -52.481445
-229.800403 -52.481445 -62.424212
-52.481445 -62.424212 108.674361
-62.424212 108.674361 293.172501
108.674361 293.172501 318.456172
293.172501 318.456172 288.992020
318.456172 288.992020 39.649689
288.992020 39.649689 -28.438529
39.649689 -28.438529 30.112627
-28.438529 30.112627 4.378912
30.112627 4.378912 -46.476769
4.378912 -46.476769 -127.127471
-46.476769 -127.127471 199.159063
-127.127471 199.159063 286.189069
199.159063 286.189069 88.296639
286.189069 88.296639 36.526102
88.296639 36.526102 267.358100
36.526102 267.358100 -158.767903
267.358100 -158.767903 35.617813
-158.767903 35.617813 386.261785
35.617813 386.261785 -57.974986
386.261785 -57.974986 -24.674618
-57.974986 -24.674618 -116.935597
-24.674618 -116.935597 -239.614458
-116.935597 -239.614458 -184.867368
-239.614458 -184.867368 126.299976
-184.867368 126.299976 253.317283
126.299976 253.317283 -516.703585
253.317283 -516.703585 107.325746
-516.703585 107.325746 -29.350518
107.325746 -29.350518 209.649858
-29.350518 209.649858 -134.866769
209.649858 -134.866769 -245.200681
-134.866769 -245.200681 -456.338261
-245.200681 -456.338261 -237.456403
-456.338261 -237.456403 -97.439528
-237.456403 -97.439528 -12.122160
-97.439528 -12.122160 -128.599254
-12.122160 -128.599254 189.361991
-128.599254 189.361991 43.459661
189.361991 43.459661 -29.745003
43.459661 -29.745003 258.834044
-29.745003 258.834044 78.256755
258.834044 78.256755 -44.127014
78.256755 -44.127014 -483.997262
-44.127014 -483.997262 -687.843154
-483.997262 -687.843154 66.010397
-687.843154 66.010397 -98.154216
66.010397 -98.154216 -1182.447653
-98.154216 -1182.447653 -1371.495785
-1182.447653 -1371.495785 115.188767
-1371.495785 115.188767 -109.654281
115.188767 -109.654281 -315.609738
-109.654281 -315.609738 328.244510
-315.609738 328.244510 -27.978754
328.244510 -27.978754 479.531614
-27.978754 479.531614 596.523109
479.531614 596.523109 -192.676235
596.523109 -192.676235 -37.134341
-192.676235 -37.134341 -26.126163
-37.134341 -26.126163 547.216149
-26.126163 547.216149 9.113951
547.216149 9.113951 9.650900
9.113951 9.650900 20.055460
9.650900 20.055460 -464.102656
20.055460 -464.102656 -123.324074
-464.102656 -123.324074 169.572042
-123.324074 169.572042 177.391988
169.572042 177.391988 -142.985491
177.391988 -142.985491 415.971123
-142.985491 415.971123 90.379653
415.971123 90.379653 -41.814822
90.379653 -41.814822 23.433541
-41.814822 23.433541 295.554049
23.433541 295.554049 226.232847
295.554049 226.232847 -15.581651
226.232847 -15.581651 2.447622
-15.581651 2.447622 -331.936164
2.447622 -331.936164 -102.145758
-331.936164 -102.145758 82.924049
-102.145758 82.924049 -201.928285
82.924049 -201.928285 132.780508
-201.928285 132.780508 -85.714489
132.780508 -85.714489 115.503630
-85.714489 115.503630 157.888679
115.503630 157.888679 81.948028
157.888679 81.948028 12.906226
81.948028 12.906226 -116.546589
12.906226 -116.546589 -183.377726
-116.546589 -183.377726 138.916247
-183.377726 138.916247 297.750317
138.916247 297.750317 217.756049
297.750317 217.756049 22.875198
217.756049 22.875198 58.727611
22.875198 58.727611 112.389277
58.727611 112.389277 15.328680
112.389277 15.328680 514.948677
15.328680 514.948677 648.809597
514.948677 648.809597 -110.241628
648.809597 -110.241628 89.006613
-110.241628 89.006613 106.114752
89.006613 106.114752 -207.114223
106.114752 -207.114223 158.353658
-207.114223 158.353658 232.926147
158.353658 232.926147 328.518346
232.926147 328.518346 432.921141
328.518346 432.921141 -197.754606
432.921141 -197.754606 -1040.007792
-197.754606 -1040.007792 19.591578
-1040.007792 19.591578 67.045417
19.591578 67.045417 271.649587
67.045417 271.649587 531.381693
271.649587 531.381693 -53.056273
531.381693 -53.056273 -120.842090
-53.056273 -120.842090 223.094569
-120.842090 223.094569 95.453554
223.094569 95.453554 -51.638294
95.453554 -51.638294 0.700820
-51.638294 0.700820 -391.220999
0.700820 -391.220999 -155.059533
-391.220999 -155.059533 80.756667
-155.059533 80.756667 -86.610311
80.756667 -86.610311 -299.854416
-86.610311 -299.854416 40.337432
-299.854416 40.337432 170.498399
40.337432 170.498399 291.280592
170.498399 291.280592 133.044939
291.280592 133.044939 52.757150
133.044939 52.757150 39.318483
52.757150 39.318483 38.484550
39.318483 38.484550 295.828382
38.484550 295.828382 -328.745273
295.828382 -328.745273 148.607578
-328.745273 148.607578 41.820144
148.607578 41.820144 -105.439827
41.820144 -105.439827 -18.480351
-105.439827 -18.480351 106.935670
-18.480351 106.935670 -12.608408
106.935670 -12.608408 75.688949
-12.608408 75.688949 -148.087083
75.688949 -148.087083 -228.693728
-148.087083 -228.693728 15.260894
-228.693728 15.260894 -23.790437
15.260894 -23.790437 -158.396045
-23.790437 -158.396045 248.951684
-158.396045 248.951684 -50.791267
248.951684 -50.791267 -36.287411
-50.791267 -36.287411 -79.735085
-36.287411 -79.735085 -25.290139
-79.735085 -25.290139 47.133554
-25.290139 47.133554 133.853314
47.133554 133.853314 156.091927
133.853314 156.091927 -201.276719
156.091927 -201.276719 -205.425933
-201.276719 -205.425933 -50.871240
-205.425933 -50.871240 -74.594552
-50.871240 -74.594552 -49.998044
-74.594552 -49.998044 59.728293
-49.998044 59.728293 34.816850
59.728293 34.816850 41.095316
34.816850 41.095316 -25.793564
41.095316 -25.793564 -72.285292
-25.793564 -72.285292 -2.169880
-72.285292 -2.169880 -29.706858
-2.169880 -29.706858 154.005940
-29.706858 154.005940 52.892057
154.005940 52.892057 77.781649
52.892057 77.781649 -19.171604
77.781649 -19.171604 -127.197066
-19.171604 -127.197066 38.391800
-127.197066 38.391800 10.505341
38.391800 10.505341 29.161703
10.505341 29.161703 -58.486405
29.161703 -58.486405 1.497933
-58.486405 1.497933 -90.764337
1.497933 -90.764337 4.152989
-90.764337 4.152989 27.267483
4.152989 27.267483 -7.513132
27.267483 -7.513132 22.988873
-7.513132 22.988873 131.206838
22.988873 131.206838 57.403461
131.206838 57.403461 174.957589
57.403461 174.957589 16.159128
174.957589 16.159128 62.108627
16.159128 62.108627 215.159220
62.108627 215.159220 601.708841
215.159220 601.708841 549.474206
601.708841 549.474206 110.640699
549.474206 110.640699 -62.750711
110.640699 -62.750711 162.820409
-62.750711 162.820409 414.146061
162.820409 414.146061 -276.802143
414.146061 -276.802143 -78.735807
-276.802143 -78.735807 -11.978625
-78.735807 -11.978625 221.717341
-11.978625 221.717341 290.661379
221.717341 290.661379 -39.132180
290.661379 -39.132180 -31.243688
-39.132180 -31.243688 -13.298062
-31.243688 -13.298062 227.199370
-13.298062 227.199370 -266.915981
227.199370 -266.915981 -169.440141
-266.915981 -169.440141 87.977388
-169.440141 87.977388 204.232465
87.977388 204.232465 121.898050
204.232465 121.898050 -26.277932
121.898050 -26.277932 205.210126
-26.277932 205.210126 108.195142
205.210126 108.195142 -366.812967
108.195142 -366.812967 1.386576
-366.812967 1.386576 -54.611969
1.386576 -54.611969 -184.538847
-54.611969 -184.538847 63.573843
-184.538847 63.573843 110.381473
63.573843 110.381473 -227.039157
110.381473 -227.039157 -101.710247
-227.039157 -101.710247 -59.225815
-101.710247 -59.225815 96.823631
-59.225815 96.823631 64.701108
96.823631 64.701108 101.642170
64.701108 101.642170 75.781305
101.642170 75.781305 189.875182
75.781305 189.875182 -297.839896
189.875182 -297.839896 -537.405897
-297.839896 -537.405897 -647.425599
-537.405897 -647.425599 -123.191250
-647.425599 -123.191250 -66.985549
-123.191250 -66.985549 -41.829194
-66.985549 -41.829194 -12.804130
-41.829194 -12.804130 40.969193
-12.804130 40.969193 151.385064
40.969193 151.385064 -36.308937
151.385064 -36.308937 70.131326
-36.308937 70.131326 20.376883
70.131326 20.376883 117.808053
20.376883 117.808053 262.627995
117.808053 262.627995 121.053399
262.627995 121.053399 -2.358062
121.053399 -2.358062 32.564947
-2.358062 32.564947 88.366877
32.564947 88.366877 -98.264826
88.366877 -98.264826 -238.619997
-98.264826 -238.619997 -208.804082
-238.619997 -208.804082 -38.628402
-208.804082 -38.628402 18.193096
-38.628402 18.193096 223.878858
18.193096 223.878858 44.996400
223.878858 44.996400 1.427147
44.996400 1.427147 160.963374
1.427147 160.963374 -149.019492
160.963374 -149.019492 11.679069
-149.019492 11.679069 14.357626
11.679069 14.357626 -226.933484
14.357626 -226.933484 21.201264
-226.933484 21.201264 54.975384
21.201264 54.975384 100.472937
54.975384 100.472937 -6.205227
100.472937 -6.205227 -78.075783
-6.205227 -78.075783 113.274213
-78.075783 113.274213 248.910049
113.274213 248.910049 351.091421
248.910049 351.091421 26.157317
351.091421 26.157317 86.884628
26.157317 86.884628 2.650754
86.884628 2.650754 -44.599701
2.650754 -44.599701 9.427706
-44.599701 9.427706 -49.950703
9.427706 -49.950703 -21.198772
-49.950703 -21.198772 81.623954
-21.198772 81.623954 161.911576
81.623954 161.911576 258.372284
161.911576 258.372284 613.630305
258.372284 613.630305 473.917302
613.630305 473.917302 0.114114
473.917302 0.114114 97.403134
0.114114 97.403134 25.191993
97.403134 25.191993 11.562060
25.191993 11.562060 300.675786
11.562060 300.675786 77.005387
300.675786 77.005387 -114.119331
77.005387 -114.119331 104.927561
-114.119331 104.927561 302.202891
104.927561 302.202891 31.055571
302.202891 31.055571 -172.201117
31.055571 -172.201117 16.001729
-172.201117 16.001729 286.812222
16.001729 286.812222 830.946279
286.812222 830.946279 853.129312
830.946279 853.129312 -240.741029
853.129312 -240.741029 -140.714410
-240.741029 -140.714410 180.035703
-140.714410 180.035703 -55.420057
180.035703 -55.420057 266.665752
-55.420057 266.665752 335.117465
266.665752 335.117465 362.997902
335.117465 362.997902 -262.035028
362.997902 -262.035028 -33.387761
-262.035028 -33.387761 376.623123
-33.387761 376.623123 711.413419
376.623123 711.413419 801.367568
711.413419 801.367568 -41.383778
801.367568 -41.383778 492.979410
-41.383778 492.979410 375.183083
492.979410 375.183083 -280.246736
375.183083 -280.246736 16.332528
-280.246736 16.332528 414.210562
16.332528 414.210562 193.826681
414.210562 193.826681 -1664.734924
193.826681 -1664.734924 -403.458451
-1664.734924 -403.458451 324.312028
-403.458451 324.312028 678.565876
324.312028 678.565876 923.040017
678.565876 923.040017 352.295815
923.040017 352.295815 -312.544083
352.295815 -312.544083 329.341632
-312.544083 329.341632 -160.176674
329.341632 -160.176674 -125.649625
-160.176674 -125.649625 147.179764
-125.649625 147.179764 54.886076
147.179764 54.886076 -256.775771
54.886076 -256.775771 -676.361028
-256.775771 -676.361028 37.498882
-676.361028 37.498882 -366.285114
37.498882 -366.285114 534.081722
-366.285114 534.081722 641.710356
534.081722 641.710356 48.205562
641.710356 48.205562 190.918377
48.205562 190.918377 725.761194
190.918377 725.761194 2539.447951
725.761194 2539.447951 267.590833
2539.447951 267.590833 476.100146
267.590833 476.100146 233.629699
476.100146 233.629699 -334.564942
233.629699 -334.564942 -162.350326
-334.564942 -162.350326 432.834611
-162.350326 432.834611 -312.699028
432.834611 -312.699028 798.262618
-312.699028 798.262618 1252.115556
798.262618 1252.115556 1777.782645
1252.115556 1777.782645 -81.066118
1777.782645 -81.066118 -294.241875
-81.066118 -294.241875 1471.500854
-294.241875 1471.500854 786.084215
